3.8372090256967867e-01 -1.9477596923248359e-18 -5.1695927592363189e-01 7.4375840735227405e-02 4.8693992308120898e-19 6.4925323077494531e-19 5.0035113689189958e-01 -4.2823272166929424e-02 -9.6200170447941335e-03 3.7838136692512914e-01 1.2985064615498906e-18 -5.1509050267837231e-01 7.4199459236280615e-02 1.6231330769373633e-19 -3.2462661538747265e-18 5.0000354841271522e-01 -4.2929647899193298e-02 -9.3779861245076469e-03 3.7838136692512914e-01 -6.4925323077494531e-19 -5.1509050267837231e-01 7.4199459236280615e-02 9.7387984616241796e-19 2.9216395384872539e-18 5.0000354841271533e-01 -4.2929647899193284e-02 -9.3779861245076469e-03 
-1.9477596923248359e-18 1.1347667410916675e+00 0.0000000000000000e+00 2.8404828846403857e-18 8.9983013154334920e-02 -7.3715510386798722e-01 3.2462661538747265e-19 -1.9274705288631191e-18 -6.4925323077494531e-18 8.1156653846868164e-18 1.1341619229047442e+00 6.4925323077494531e-18 0.0000000000000000e+00 9.0009117917568701e-02 -7.3653128301609327e-01 1.2335811384723961e-17 -8.1156653846868164e-19 -7.7910387692993437e-18 5.5186524615870351e-18 1.1341619229047439e+00 -1.0388051692399125e-17 3.0027961923341221e-18 9.0009117917568715e-02 -7.3653128301609316e-01 -6.4925323077494531e-18 -1.6231330769373633e-19 5.1940258461995625e-18 
-5.1695927592363189e-01 0.0000000000000000e+00 9.3211992396646859e-01 -4.6125302894689899e-02 -3.2462661538747265e-19 -5.8432790769745078e-18 -9.1671453624860333e-01 1.5815485949211637e-02 -3.0781528165800272e-02 -5.1509050267837231e-01 -3.8955193846496719e-18 9.2800355049224204e-01 -4.6167334520411739e-02 1.6231330769373633e-19 -2.5970129230997812e-18 -9.1336356338676083e-01 1.5361302550763735e-02 -3.1101391557937185e-02 -5.1509050267837220e-01 7.7910387692993437e-18 9.2800355049224192e-01 -4.6167334520411746e-02 -1.6231330769373633e-19 -8.4402920000742890e-18 -9.1336356338676072e-01 1.5361302550763742e-02 -3.1101391557937192e-02 
7.4375840735227405e-02 2.8404828846403857e-18 -4.6125302894689899e-02 3.5619370658140359e-01 -3.2462661538747265e-19 2.9216395384872539e-18 2.1588099712744415e-02 -3.2060966578148425e-01 -1.3079992815592271e-02 7.4199459236280629e-02 -2.4346996154060449e-18 -4.6167334520411739e-02 3.5575283801473001e-01 -6.4925323077494531e-19 -2.1100730000185723e-18 2.1689919148496765e-02 -3.2026325737756572e-01 -1.2962015062025959e-02 7.4199459236280629e-02 1.9477596923248359e-18 -4.6167334520411746e-02 3.5575283801473007e-01 -3.2462661538747265e-19 3.8955193846496719e-18 2.1689919148496762e-02 -3.2026325737756567e-01 -1.2962015062025954e-02 
4.8693992308120898e-19 8.9983013154334920e-02 -3.2462661538747265e-19 -3.2462661538747265e-19 3.4655938000659921e-02 -5.8807479725052340e-02 1.6231330769373633e-19 3.2462661538747265e-19 1.1361931538561543e-18 -9.7387984616241796e-19 9.0009117917568701e-02 -6.4925323077494531e-19 6.4925323077494531e-19 3.4387848663900884e-02 -5.8825527120627746e-02 3.2462661538747265e-19 8.1156653846868164e-19 1.6231330769373633e-19 -3.2462661538747265e-19 9.0009117917568715e-02 -4.8693992308120898e-19 0.0000000000000000e+00 3.4387848663900891e-02 -5.8825527120627732e-02 -1.6231330769373633e-19 -3.2462661538747265e-19 -1.2985064615498906e-18 
6.4925323077494531e-19 -7.3715510386798722e-01 -5.8432790769745078e-18 2.9216395384872539e-18 -5.8807479725052340e-02 6.2535589702090788e-01 -8.7649186154617617e-18 3.2462661538747265e-19 -3.8955193846496719e-18 -2.5970129230997812e-18 -7.3653128301609339e-01 1.9477596923248359e-18 -3.2462661538747265e-19 -5.8825527120627732e-02 6.2432369197485593e-01 4.5447726154246172e-18 3.2462661538747265e-19 -3.2462661538747265e-18 1.6231330769373633e-18 -7.3653128301609327e-01 6.4925323077494531e-18 -9.7387984616241796e-19 -5.8825527120627726e-02 6.2432369197485582e-01 3.2462661538747265e-18 1.6231330769373633e-18 -5.1940258461995625e-18 
5.0035113689189958e-01 3.2462661538747265e-19 -9.1671453624860333e-01 2.1588099712744415e-02 1.6231330769373633e-19 -8.7649186154617617e-18 9.6197823224980605e-01 6.5042371581604018e-03 2.5424152802180269e-02 5.0000354841271522e-01 -3.2462661538747265e-17 -9.1336356338676083e-01 2.1689919148496765e-02 1.6231330769373633e-19 -3.2462661538747265e-19 9.5795930108495109e-01 7.2009635357751086e-03 2.5876211634340604e-02 5.0000354841271533e-01 -7.1417855385243984e-18 -9.1336356338676083e-01 2.1689919148496759e-02 3.2462661538747265e-19 -3.2462661538747265e-19 9.5795930108495086e-01 7.2009635357751034e-03 2.5876211634340604e-02 
-4.2823272166929424e-02 -1.9274705288631191e-18 1.5815485949211637e-02 -3.2060966578148425e-01 3.2462661538747265e-19 3.2462661538747265e-19 6.5042371581604018e-03 3.5179924945502600e-01 2.5397529733783694e-03 -4.2929647899193298e-02 -3.0027961923341221e-18 1.5361302550763740e-02 -3.2026325737756572e-01 1.6231330769373633e-18 -9.7387984616241796e-19 7.2009635357751086e-03 3.5105808320084003e-01 2.2411544038316738e-03 -4.2929647899193291e-02 -1.0651810817401448e-17 1.5361302550763735e-02 -3.2026325737756567e-01 6.4925323077494531e-19 -2.5970129230997812e-18 7.2009635357751112e-03 3.5105808320084009e-01 2.2411544038316820e-03 
-9.6200170447941335e-03 -6.4925323077494531e-18 -3.0781528165800272e-02 -1.3079992815592271e-02 1.1361931538561543e-18 -3.8955193846496719e-18 2.5424152802180269e-02 2.5397529733783694e-03 4.7194984757063387e-02 -9.3779861245076451e-03 5.8432790769745078e-18 -3.1101391557937185e-02 -1.2962015062025954e-02 1.0550365000092861e-18 1.2985064615498906e-18 2.5876211634340604e-02 2.2411544038316786e-03 4.6599314754077636e-02 -9.3779861245076451e-03 -3.2462661538747265e-18 -3.1101391557937182e-02 -1.2962015062025956e-02 -3.2462661538747265e-19 -4.5447726154246172e-18 2.5876211634340611e-02 2.2411544038316768e-03 4.6599314754077636e-02 
3.7838136692512914e-01 8.1156653846868164e-18 -5.1509050267837231e-01 7.4199459236280629e-02 -9.7387984616241796e-19 -2.5970129230997812e-18 5.0000354841271522e-01 -4.2929647899193298e-02 -9.3779861245076451e-03 3.8372090256967861e-01 0.0000000000000000e+00 -5.1695927592363178e-01 7.4375840735227391e-02 1.6231330769373633e-19 -6.4925323077494531e-19 5.0035113689189947e-01 -4.2823272166929417e-02 -9.6200170447941335e-03 3.7838136692512914e-01 -5.1940258461995625e-18 -5.1509050267837220e-01 7.4199459236280629e-02 1.1361931538561543e-18 3.8955193846496719e-18 5.0000354841271522e-01 -4.2929647899193298e-02 -9.3779861245076469e-03 
1.2985064615498906e-18 1.1341619229047442e+00 -3.8955193846496719e-18 -2.4346996154060449e-18 9.0009117917568701e-02 -7.3653128301609339e-01 -3.2462661538747265e-17 -3.0027961923341221e-18 5.8432790769745078e-18 0.0000000000000000e+00 1.1347667410916675e+00 -9.0895452308492343e-18 -6.4925323077494531e-19 8.9983013154334934e-02 -7.3715510386798722e-01 8.4402920000742890e-18 -2.7593262307935176e-18 -6.4925323077494531e-18 -2.9216395384872539e-18 1.1341619229047442e+00 1.9477596923248359e-18 2.6781695769466494e-18 9.0009117917568715e-02 -7.3653128301609327e-01 -4.2201460000371445e-18 -7.2229421923712673e-18 1.2985064615498906e-18 
-5.1509050267837231e-01 6.4925323077494531e-18 9.2800355049224204e-01 -4.6167334520411739e-02 -6.4925323077494531e-19 1.9477596923248359e-18 -9.1336356338676083e-01 1.5361302550763740e-02 -3.1101391557937185e-02 -5.1695927592363178e-01 -9.0895452308492343e-18 9.3211992396646859e-01 -4.6125302894689892e-02 9.7387984616241796e-19 0.0000000000000000e+00 -9.1671453624860355e-01 1.5815485949211627e-02 -3.0781528165800279e-02 -5.1509050267837231e-01 -7.7910387692993437e-18 9.2800355049224204e-01 -4.6167334520411739e-02 3.2462661538747265e-19 -3.8955193846496719e-18 -9.1336356338676106e-01 1.5361302550763742e-02 -3.1101391557937182e-02 
7.4199459236280615e-02 0.0000000000000000e+00 -4.6167334520411739e-02 3.5575283801473001e-01 6.4925323077494531e-19 -3.2462661538747265e-19 2.1689919148496765e-02 -3.2026325737756572e-01 -1.2962015062025954e-02 7.4375840735227391e-02 -6.4925323077494531e-19 -4.6125302894689892e-02 3.5619370658140354e-01 0.0000000000000000e+00 -1.4608197692436269e-18 2.1588099712744405e-02 -3.2060966578148425e-01 -1.3079992815592273e-02 7.4199459236280643e-02 7.9939304039165153e-18 -4.6167334520411732e-02 3.5575283801473007e-01 -9.7387984616241796e-19 1.6231330769373633e-18 2.1689919148496762e-02 -3.2026325737756567e-01 -1.2962015062025956e-02 
1.6231330769373633e-19 9.0009117917568701e-02 1.6231330769373633e-19 -6.4925323077494531e-19 3.4387848663900884e-02 -5.8825527120627732e-02 1.6231330769373633e-19 1.6231330769373633e-18 1.0550365000092861e-18 1.6231330769373633e-19 8.9983013154334934e-02 9.7387984616241796e-19 0.0000000000000000e+00 3.4655938000659921e-02 -5.8807479725052340e-02 3.2462661538747265e-19 -9.7387984616241796e-19 6.4925323077494531e-19 -6.4925323077494531e-19 9.0009117917568715e-02 -1.6231330769373633e-19 3.2462661538747265e-19 3.4387848663900884e-02 -5.8825527120627732e-02 -3.2462661538747265e-19 3.2462661538747265e-19 4.8693992308120898e-19 
-3.2462661538747265e-18 -7.3653128301609327e-01 -2.5970129230997812e-18 -2.1100730000185723e-18 -5.8825527120627746e-02 6.2432369197485593e-01 -3.2462661538747265e-19 -9.7387984616241796e-19 1.2985064615498906e-18 -6.4925323077494531e-19 -7.3715510386798722e-01 0.0000000000000000e+00 -1.4608197692436269e-18 -5.8807479725052340e-02 6.2535589702090777e-01 1.9477596923248359e-18 3.2462661538747265e-19 -2.5970129230997812e-18 1.9477596923248359e-18 -7.3653128301609327e-01 -4.5447726154246172e-18 -1.2985064615498906e-18 -5.8825527120627732e-02 6.2432369197485593e-01 9.7387984616241796e-19 3.2462661538747265e-19 0.0000000000000000e+00 
5.0000354841271522e-01 1.2335811384723961e-17 -9.1336356338676083e-01 2.1689919148496765e-02 3.2462661538747265e-19 4.5447726154246172e-18 9.5795930108495109e-01 7.2009635357751086e-03 2.5876211634340604e-02 5.0035113689189947e-01 8.4402920000742890e-18 -9.1671453624860355e-01 2.1588099712744405e-02 3.2462661538747265e-19 1.9477596923248359e-18 9.6197823224980583e-01 6.5042371581604062e-03 2.5424152802180269e-02 5.0000354841271533e-01 1.2985064615498906e-17 -9.1336356338676083e-01 2.1689919148496765e-02 -3.2462661538747265e-19 1.9477596923248359e-18 9.5795930108495109e-01 7.2009635357751060e-03 2.5876211634340604e-02 
-4.2929647899193298e-02 -8.1156653846868164e-19 1.5361302550763735e-02 -3.2026325737756572e-01 8.1156653846868164e-19 3.2462661538747265e-19 7.2009635357751086e-03 3.5105808320084003e-01 2.2411544038316786e-03 -4.2823272166929417e-02 -2.7593262307935176e-18 1.5815485949211627e-02 -3.2060966578148425e-01 -9.7387984616241796e-19 3.2462661538747265e-19 6.5042371581604062e-03 3.5179924945502600e-01 2.5397529733783720e-03 -4.2929647899193298e-02 -7.2229421923712673e-18 1.5361302550763732e-02 -3.2026325737756567e-01 1.1361931538561543e-18 -1.6231330769373633e-18 7.2009635357751086e-03 3.5105808320084009e-01 2.2411544038316764e-03 
-9.3779861245076469e-03 -7.7910387692993437e-18 -3.1101391557937185e-02 -1.2962015062025959e-02 1.6231330769373633e-19 -3.2462661538747265e-18 2.5876211634340604e-02 2.2411544038316738e-03 4.6599314754077636e-02 -9.6200170447941335e-03 -6.4925323077494531e-18 -3.0781528165800279e-02 -1.3079992815592273e-02 6.4925323077494531e-19 -2.5970129230997812e-18 2.5424152802180269e-02 2.5397529733783720e-03 4.7194984757063393e-02 -9.3779861245076451e-03 7.7910387692993437e-18 -3.1101391557937182e-02 -1.2962015062025954e-02 8.9272319231554980e-19 1.9477596923248359e-18 2.5876211634340601e-02 2.2411544038316747e-03 4.6599314754077643e-02 
3.7838136692512914e-01 5.5186524615870351e-18 -5.1509050267837220e-01 7.4199459236280629e-02 -3.2462661538747265e-19 1.6231330769373633e-18 5.0000354841271533e-01 -4.2929647899193291e-02 -9.3779861245076451e-03 3.7838136692512914e-01 -2.9216395384872539e-18 -5.1509050267837231e-01 7.4199459236280643e-02 -6.4925323077494531e-19 1.9477596923248359e-18 5.0000354841271533e-01 -4.2929647899193298e-02 -9.3779861245076451e-03 3.8372090256967867e-01 -1.5582077538598687e-17 -5.1695927592363189e-01 7.4375840735227391e-02 4.8693992308120898e-19 3.8955193846496719e-18 5.0035113689189958e-01 -4.2823272166929410e-02 -9.6200170447941352e-03 
-6.4925323077494531e-19 1.1341619229047439e+00 7.7910387692993437e-18 1.9477596923248359e-18 9.0009117917568715e-02 -7.3653128301609327e-01 -7.1417855385243984e-18 -1.0651810817401448e-17 -3.2462661538747265e-18 -5.1940258461995625e-18 1.1341619229047442e+00 -7.7910387692993437e-18 7.9939304039165153e-18 9.0009117917568715e-02 -7.3653128301609327e-01 1.2985064615498906e-17 -7.2229421923712673e-18 7.7910387692993437e-18 -1.5582077538598687e-17 1.1347667410916675e+00 0.0000000000000000e+00 9.9011117693179160e-18 8.9983013154334934e-02 -7.3715510386798722e-01 -1.9477596923248359e-18 -3.3274228077215947e-18 6.4925323077494531e-19 
-5.1509050267837231e-01 -1.0388051692399125e-17 9.2800355049224192e-01 -4.6167334520411746e-02 -4.8693992308120898e-19 6.4925323077494531e-18 -9.1336356338676083e-01 1.5361302550763735e-02 -3.1101391557937182e-02 -5.1509050267837220e-01 1.9477596923248359e-18 9.2800355049224204e-01 -4.6167334520411732e-02 -1.6231330769373633e-19 -4.5447726154246172e-18 -9.1336356338676083e-01 1.5361302550763732e-02 -3.1101391557937182e-02 -5.1695927592363189e-01 0.0000000000000000e+00 9.3211992396646837e-01 -4.6125302894689899e-02 1.6231330769373633e-19 0.0000000000000000e+00 -9.1671453624860333e-01 1.5815485949211634e-02 -3.0781528165800272e-02 
7.4199459236280615e-02 3.0027961923341221e-18 -4.6167334520411746e-02 3.5575283801473007e-01 0.0000000000000000e+00 -9.7387984616241796e-19 2.1689919148496759e-02 -3.2026325737756567e-01 -1.2962015062025956e-02 7.4199459236280629e-02 2.6781695769466494e-18 -4.6167334520411739e-02 3.5575283801473007e-01 3.2462661538747265e-19 -1.2985064615498906e-18 2.1689919148496765e-02 -3.2026325737756567e-01 -1.2962015062025954e-02 7.4375840735227391e-02 9.9011117693179160e-18 -4.6125302894689899e-02 3.5619370658140348e-01 -3.2462661538747265e-19 -1.9477596923248359e-18 2.1588099712744405e-02 -3.2060966578148420e-01 -1.3079992815592266e-02 
9.7387984616241796e-19 9.0009117917568715e-02 -1.6231330769373633e-19 -3.2462661538747265e-19 3.4387848663900891e-02 -5.8825527120627726e-02 3.2462661538747265e-19 6.4925323077494531e-19 -3.2462661538747265e-19 1.1361931538561543e-18 9.0009117917568715e-02 3.2462661538747265e-19 -9.7387984616241796e-19 3.4387848663900884e-02 -5.8825527120627732e-02 -3.2462661538747265e-19 1.1361931538561543e-18 8.9272319231554980e-19 4.8693992308120898e-19 8.9983013154334934e-02 1.6231330769373633e-19 -3.2462661538747265e-19 3.4655938000659921e-02 -5.8807479725052354e-02 9.7387984616241796e-19 1.6231330769373633e-19 1.6231330769373633e-19 
2.9216395384872539e-18 -7.3653128301609316e-01 -8.4402920000742890e-18 3.8955193846496719e-18 -5.8825527120627732e-02 6.2432369197485582e-01 -3.2462661538747265e-19 -2.5970129230997812e-18 -4.5447726154246172e-18 3.8955193846496719e-18 -7.3653128301609327e-01 -3.8955193846496719e-18 1.6231330769373633e-18 -5.8825527120627732e-02 6.2432369197485593e-01 1.9477596923248359e-18 -1.6231330769373633e-18 1.9477596923248359e-18 3.8955193846496719e-18 -7.3715510386798722e-01 0.0000000000000000e+00 -1.9477596923248359e-18 -5.8807479725052354e-02 6.2535589702090788e-01 4.2201460000371445e-18 1.2985064615498906e-18 1.9477596923248359e-18 
5.0000354841271533e-01 -6.4925323077494531e-18 -9.1336356338676072e-01 2.1689919148496762e-02 -1.6231330769373633e-19 3.2462661538747265e-18 9.5795930108495086e-01 7.2009635357751112e-03 2.5876211634340611e-02 5.0000354841271522e-01 -4.2201460000371445e-18 -9.1336356338676106e-01 2.1689919148496762e-02 -3.2462661538747265e-19 9.7387984616241796e-19 9.5795930108495109e-01 7.2009635357751086e-03 2.5876211634340601e-02 5.0035113689189958e-01 -1.9477596923248359e-18 -9.1671453624860333e-01 2.1588099712744405e-02 9.7387984616241796e-19 4.2201460000371445e-18 9.6197823224980605e-01 6.5042371581604096e-03 2.5424152802180269e-02 
-4.2929647899193284e-02 -1.6231330769373633e-19 1.5361302550763742e-02 -3.2026325737756567e-01 -3.2462661538747265e-19 1.6231330769373633e-18 7.2009635357751034e-03 3.5105808320084009e-01 2.2411544038316768e-03 -4.2929647899193298e-02 -7.2229421923712673e-18 1.5361302550763742e-02 -3.2026325737756567e-01 3.2462661538747265e-19 3.2462661538747265e-19 7.2009635357751060e-03 3.5105808320084009e-01 2.2411544038316747e-03 -4.2823272166929410e-02 -3.3274228077215947e-18 1.5815485949211634e-02 -3.2060966578148420e-01 1.6231330769373633e-19 1.2985064615498906e-18 6.5042371581604096e-03 3.5179924945502600e-01 2.5397529733783711e-03 
-9.3779861245076469e-03 5.1940258461995625e-18 -3.1101391557937192e-02 -1.2962015062025954e-02 -1.2985064615498906e-18 -5.1940258461995625e-18 2.5876211634340604e-02 2.2411544038316820e-03 4.6599314754077636e-02 -9.3779861245076469e-03 1.2985064615498906e-18 -3.1101391557937182e-02 -1.2962015062025956e-02 4.8693992308120898e-19 0.0000000000000000e+00 2.5876211634340604e-02 2.2411544038316764e-03 4.6599314754077643e-02 -9.6200170447941352e-03 6.4925323077494531e-19 -3.0781528165800272e-02 -1.3079992815592266e-02 1.6231330769373633e-19 1.9477596923248359e-18 2.5424152802180269e-02 2.5397529733783711e-03 4.7194984757063387e-02 
