2.1216532300147168e+02 1.0951904650875308e-11 2.4053492780555894e+02 -1.4048922233380910e+02 -1.2914557887852685e-12 8.3849710310245799e-12 1.6884604318017671e+02 -1.3422071146113711e+02 1.2527413765072015e+02 -1.0378894078403732e+02 7.4267137389591180e-12 -1.1868646590978972e+02 6.9861292682761459e+01 1.1296992827979673e-12 2.2607821214237432e-12 -8.4135549842912440e+01 6.6956974666653565e+01 -6.1383204052859256e+01 -1.0378894078404227e+02 -1.8361357443276665e-11 -1.1868646590975152e+02 6.9861292682864928e+01 1.5470195818314437e-13 -1.0621428160430437e-11 -8.4135549842860257e+01 6.6956974666740237e+01 -6.1383204052858666e+01 
1.0951904650875308e-11 2.9380146765197801e+03 -4.5260430944150798e-12 -1.0456752521360854e-10 1.6640800929532713e+02 1.7729212057377538e+03 -2.6756798862691993e-11 -8.4139864669945758e-11 2.1947827209029302e-11 -1.5082438223042903e-11 -1.4683426443443439e+03 -4.2109801173751645e-11 4.5166768476052504e-11 -8.3677812573231449e+01 -8.8572127076618119e+02 -2.5932453228899095e-11 2.1685502083238244e-11 1.4303867488230866e-11 3.8978260419584469e-12 -1.4683426443423923e+03 4.6107901702942239e-11 5.9278134728175879e-11 -8.3677812573425570e+01 -8.8572127076484890e+02 5.2290520358460474e-11 6.2298069823609620e-11 -3.6058888973224081e-11 
2.4053492780555894e+02 -4.5260430944150798e-12 8.1487883267142195e+02 1.2237622137748679e+02 -2.7169846751887364e-12 4.3249015550253645e-12 6.9956484711029827e+02 1.1816383559594584e+02 1.5648533572421735e+02 -1.1868646590978537e+02 4.4421123227774776e-11 -4.0328979893762596e+02 -6.1097459715886203e+01 2.8201407353996149e-12 2.0218840958152641e-11 -3.4669045289666246e+02 -5.9060054879537745e+01 -7.6850395000440869e+01 -1.1868646590975601e+02 -3.9820262719833915e-11 -4.0328979893737221e+02 -6.1097459715714194e+01 -1.3335349097096660e-13 -2.4443766250708832e-11 -3.4669045289638512e+02 -5.9060054879399019e+01 -7.6850395000371407e+01 
-1.4048922233380910e+02 -1.0456752521360854e-10 1.2237622137748679e+02 3.2099629107872865e+03 2.2115279585613323e-12 -6.4333810816599009e-11 5.2896111513733911e+02 1.9733196243431830e+03 -7.3903511498885678e+01 6.9861292682728205e+01 4.0171722882434915e-11 -6.1097459715949483e+01 -1.6020975067072186e+03 -2.5272847886941984e-12 3.0598073865143339e-11 -2.6429289317635727e+02 -9.8408795216619660e+02 3.7503736856784400e+01 6.9861292682897556e+01 6.4476488127511593e-11 -6.1097459715651588e+01 -1.6020975067085537e+03 2.5409267411573475e-13 3.3823617835017477e-11 -2.6429289317626495e+02 -9.8408795216729413e+02 3.7503736857023171e+01 
-1.2914557887852685e-12 1.6640800929532713e+02 -2.7169846751887364e-12 2.2115279585613323e-12 2.5031908509234054e+03 5.7075518316636455e+01 -2.4937823259958431e-12 5.5274479829130895e-12 -7.6427581817598401e-12 1.1326542550675504e-12 -8.3677812573242107e+01 -1.2644188662349312e-12 -1.4018865391240957e-11 -1.2454983830681106e+03 -2.8522467555957377e+01 -3.5902848578052879e-12 -1.4115472582018731e-11 4.3940747673929486e-12 1.9505953054417524e-13 -8.3677812573414656e+01 4.0246112485479237e-12 1.1792521200543125e-11 -1.2454983830681956e+03 -2.8522467556109429e+01 6.1042542186015128e-12 8.5752485190092468e-12 3.3148494731430121e-12 
8.3849710310245799e-12 1.7729212057377538e+03 4.3249015550253645e-12 -6.4333810816599009e-11 5.7075518316636455e+01 1.7168092385182331e+03 -9.2615891646625537e-12 -5.0232694250009487e-11 1.3351716624654624e-11 -9.5551467341606839e-12 -8.8572127076602249e+02 -2.7540212567357636e-11 2.9274635734597853e-11 -2.8522467555942065e+01 -8.5726439542203752e+02 -1.8046749223351654e-11 1.4298294622961884e-11 6.6304020865367988e-12 1.0399303958398379e-12 -8.8572127076500738e+02 2.2879887773234102e-11 3.4969524193133599e-11 -2.8522467556125260e+01 -8.5726439542121670e+02 2.7046628367359238e-11 3.5825469701938103e-11 -1.9814992173413272e-11 
1.6884604318017671e+02 -2.6756798862691993e-11 6.9956484711029827e+02 5.2896111513733911e+02 -2.4937823259958431e-12 -9.2615891646625537e-12 8.6064843426430366e+02 5.2789709372977575e+02 1.8611466640402085e+02 -8.4135549842929464e+01 5.0194902977066841e-11 -3.4669045289672789e+02 -2.6429289317634425e+02 1.6603972777233640e-12 2.4503305336841291e-11 -4.2737146132941837e+02 -2.6394097044052018e+02 -9.2522800779722388e+01 -8.4135549842843233e+01 -2.3342535949690071e-11 -3.4669045289631987e+02 -2.6429289317627689e+02 7.8385891138024305e-13 -1.5119211295322674e-11 -4.2737146132900176e+02 -2.6394097044047032e+02 -9.2522800779590028e+01 
-1.3422071146113711e+02 -8.4139864669945758e-11 1.1816383559594584e+02 1.9733196243431830e+03 5.5274479829130895e-12 -5.0232694250009487e-11 5.2789709372977575e+02 2.4990388598846175e+03 -5.7824202670347370e+02 6.6956974666622742e+01 4.5957240083730665e-11 -5.9060054879638457e+01 -9.8408795216636736e+02 -6.4946250961260226e-12 3.2344316568786939e-11 -2.6394097044059890e+02 -1.2467230912762238e+03 2.8967497494497854e+02 6.6956974666770449e+01 3.8263846779351326e-11 -5.9060054879299052e+01 -9.8408795216712201e+02 8.9402244201165153e-13 1.7980593840579296e-11 -2.6394097044039256e+02 -1.2467230912769512e+03 2.8967497494520410e+02 
1.2527413765072015e+02 2.1947827209029302e-11 1.5648533572421735e+02 -7.3903511498885678e+01 -7.6427581817598401e-12 1.3351716624654624e-11 1.8611466640402085e+02 -5.7824202670347370e+02 1.5055746585237744e+03 -6.1383204052859391e+01 -5.7661531459019973e-11 -7.6850395000437985e+01 3.7503736856837627e+01 -3.5023314385878931e-13 -4.1708189398744959e-11 -9.2522800779701569e+01 2.8967497494501009e+02 -7.4821856494187637e+02 -6.1383204052858218e+01 3.5742071822721144e-11 -7.6850395000374334e+01 3.7503736856968537e+01 7.9704062548387251e-12 2.8393031899556797e-11 -9.2522800779611131e+01 2.8967497494517130e+02 -7.4821856494190081e+02 
-1.0378894078403732e+02 -1.5082438223042903e-11 -1.1868646590978537e+02 6.9861292682728205e+01 1.1326542550675504e-12 -9.5551467341606839e-12 -8.4135549842929464e+01 6.6956974666622742e+01 -6.1383204052859391e+01 2.1216532300148171e+02 8.2823462410574069e-12 2.4053492780559199e+02 -1.4048922233380611e+02 -1.4454427753346323e-12 5.2521182038513313e-12 1.6884604318021454e+02 -1.3422071146113953e+02 1.2527413765074229e+02 -1.0378894078405207e+02 6.7846121866652085e-12 -1.1868646590978783e+02 6.9861292682894401e+01 3.1756107037628891e-13 4.2838990368684583e-12 -8.4135549842879996e+01 6.6956974666773135e+01 -6.1383204052880288e+01 
7.4267137389591180e-12 -1.4683426443443439e+03 4.4421123227774776e-11 4.0171722882434915e-11 -8.3677812573242107e+01 -8.8572127076602249e+02 5.0194902977066841e-11 4.5957240083730665e-11 -5.7661531459019973e-11 8.2823462410574069e-12 2.9380146765220584e+03 4.5361200378008840e-12 -3.3902475416182594e-11 1.6640800929528308e+02 1.7729212057391467e+03 -5.0096598016954260e-12 -6.0026807767833438e-11 6.7876729393247978e-11 -1.5625075848770019e-11 -1.4683426443446710e+03 -4.8128636530946705e-11 -5.9335941998571267e-12 -8.3677812573370261e+01 -8.8572127076640038e+02 -4.4417477758190678e-11 1.4336113527261855e-11 -1.0113575153747557e-11 
-1.1868646590978972e+02 -4.2109801173751645e-11 -4.0328979893762596e+02 -6.1097459715949483e+01 -1.2644188662349312e-12 -2.7540212567357636e-11 -3.4669045289672789e+02 -5.9060054879638457e+01 -7.6850395000437985e+01 2.4053492780559199e+02 4.5361200378008840e-12 8.1487883267159384e+02 1.2237622137774416e+02 -2.2555902367768832e-12 2.4728861958487168e-12 6.9956484711053361e+02 1.1816383559616980e+02 1.5648533572426311e+02 -1.1868646590978361e+02 3.7511617632283074e-11 -4.0328979893754024e+02 -6.1097459715908556e+01 3.5442883950042681e-12 2.4991113955225159e-11 -3.4669045289655173e+02 -5.9060054879522532e+01 -7.6850395000419269e+01 
6.9861292682761459e+01 4.5166768476052504e-11 -6.1097459715886203e+01 -1.6020975067072186e+03 -1.4018865391240957e-11 2.9274635734597853e-11 -2.6429289317634425e+02 -9.8408795216636736e+02 3.7503736856837627e+01 -1.4048922233380611e+02 -3.3902475416182594e-11 1.2237622137774416e+02 3.2099629107884198e+03 9.8331844982187535e-12 -2.3329003889431991e-11 5.2896111513781193e+02 1.9733196243442856e+03 -7.3903511499009085e+01 6.9861292682861716e+01 -1.1306660634764049e-11 -6.1097459715971226e+01 -1.6020975067096879e+03 4.2108559313137918e-12 -5.9945771414793475e-12 -2.6429289317675011e+02 -9.8408795216822602e+02 3.7503736857093514e+01 
1.1296992827979673e-12 -8.3677812573231449e+01 2.8201407353996149e-12 -2.5272847886941984e-12 -1.2454983830681106e+03 -2.8522467555942065e+01 1.6603972777233640e-12 -6.4946250961260226e-12 -3.5023314385878931e-13 -1.4454427753346323e-12 1.6640800929528308e+02 -2.2555902367768832e-12 9.8331844982187535e-12 2.5031908509233076e+03 5.7075518316584620e+01 5.4234502382113390e-14 1.1373073355159580e-11 1.3452045382733324e-12 3.1085934700963493e-13 -8.3677812573381374e+01 -5.4643366542319006e-13 -7.2953681490864081e-12 -1.2454983830680978e+03 -2.8522467556073067e+01 -1.6917869766548052e-12 -4.8693633357145901e-12 -1.0318371801903537e-12 
2.2607821214237432e-12 -8.8572127076618119e+02 2.0218840958152641e-11 3.0598073865143339e-11 -2.8522467555957377e+01 -8.5726439542203752e+02 2.4503305336841291e-11 3.2344316568786939e-11 -4.1708189398744959e-11 5.2521182038513313e-12 1.7729212057391467e+03 2.4728861958487168e-12 -2.3329003889431991e-11 5.7075518316584620e+01 1.7168092385192015e+03 -3.2921272785843837e-12 -4.0986176680596939e-11 4.6773587871688015e-11 -7.4483822731178393e-12 -8.8572127076624190e+02 -2.2173513727344108e-11 -7.0455785652261005e-12 -2.8522467556057364e+01 -8.5726439542218543e+02 -2.0738166528996059e-11 8.8225493435743978e-12 -5.0130362077596380e-12 
-8.4135549842912440e+01 -2.5932453228899095e-11 -3.4669045289666246e+02 -2.6429289317635727e+02 -3.5902848578052879e-12 -1.8046749223351654e-11 -4.2737146132941837e+02 -2.6394097044059890e+02 -9.2522800779701569e+01 1.6884604318021454e+02 -5.0096598016954260e-12 6.9956484711053361e+02 5.2896111513781193e+02 5.4234502382113390e-14 -3.2921272785843837e-12 8.6064843426464608e+02 5.2789709373018309e+02 1.8611466640406070e+02 -8.4135549842897049e+01 3.0865935029182646e-11 -3.4669045289661682e+02 -2.6429289317673721e+02 3.5715185488065529e-12 2.1246791447759622e-11 -4.2737146132934089e+02 -2.6394097044079939e+02 -9.2522800779650055e+01 
6.6956974666653565e+01 2.1685502083238244e-11 -5.9060054879537745e+01 -9.8408795216619660e+02 -1.4115472582018731e-11 1.4298294622961884e-11 -2.6394097044052018e+02 -1.2467230912762238e+03 2.8967497494501009e+02 -1.3422071146113953e+02 -6.0026807767833438e-11 1.1816383559616980e+02 1.9733196243442856e+03 1.1373073355159580e-11 -4.0986176680596939e-11 5.2789709373018309e+02 2.4990388598854779e+03 -5.7824202670353418e+02 6.6956974666743065e+01 3.8289092820668281e-11 -5.9060054879622335e+01 -9.8408795216839746e+02 2.7888668004948254e-12 2.6629711780695237e-11 -2.6394097044087789e+02 -1.2467230912778139e+03 2.8967497494523332e+02 
-6.1383204052859256e+01 1.4303867488230866e-11 -7.6850395000440869e+01 3.7503736856784400e+01 4.3940747673929486e-12 6.6304020865367988e-12 -9.2522800779722388e+01 2.8967497494497854e+02 -7.4821856494187637e+02 1.2527413765074229e+02 6.7876729393247978e-11 1.5648533572426311e+02 -7.3903511499009085e+01 1.3452045382733324e-12 4.6773587871688015e-11 1.8611466640406070e+02 -5.7824202670353418e+02 1.5055746585238307e+03 -6.1383204052880565e+01 -8.2182373520421769e-11 -7.6850395000416427e+01 3.7503736857146258e+01 -5.7655494302011641e-12 -5.3411017769671991e-11 -9.2522800779629378e+01 2.8967497494526424e+02 -7.4821856494195697e+02 
-1.0378894078404227e+02 3.8978260419584469e-12 -1.1868646590975601e+02 6.9861292682897556e+01 1.9505953054417524e-13 1.0399303958398379e-12 -8.4135549842843233e+01 6.6956974666770449e+01 -6.1383204052858218e+01 -1.0378894078405207e+02 -1.5625075848770019e-11 -1.1868646590978361e+02 6.9861292682861716e+01 3.1085934700963493e-13 -7.4483822731178393e-12 -8.4135549842897049e+01 6.6956974666743065e+01 -6.1383204052880565e+01 2.1216532300148663e+02 1.1725717986165612e-11 2.4053492780555769e+02 -1.4048922233394254e+02 -5.0393105996435625e-13 6.4035473589663327e-12 1.6884604318014462e+02 -1.3422071146125688e+02 1.2527413765074130e+02 
-1.8361357443276665e-11 -1.4683426443423923e+03 -3.9820262719833915e-11 6.4476488127511593e-11 -8.3677812573414656e+01 -8.8572127076500738e+02 -2.3342535949690071e-11 3.8263846779351326e-11 3.5742071822721144e-11 6.7846121866652085e-12 -1.4683426443446710e+03 3.7511617632283074e-11 -1.1306660634764049e-11 -8.3677812573381374e+01 -8.8572127076624190e+02 3.0865935029182646e-11 3.8289092820668281e-11 -8.2182373520421769e-11 1.1725717986165612e-11 2.9380146765201061e+03 2.0085284106751798e-12 -5.3382743410991500e-11 1.6640800929546600e+02 1.7729212057379725e+03 -7.8920509948119776e-12 -7.6663040149453294e-11 4.6146301645398872e-11 
-1.1868646590975152e+02 4.6107901702942239e-11 -4.0328979893737221e+02 -6.1097459715651588e+01 4.0246112485479237e-12 2.2879887773234102e-11 -3.4669045289631987e+02 -5.9060054879299052e+01 -7.6850395000374334e+01 -1.1868646590978783e+02 -4.8128636530946705e-11 -4.0328979893754024e+02 -6.1097459715971226e+01 -5.4643366542319006e-13 -2.2173513727344108e-11 -3.4669045289661682e+02 -5.9060054879622335e+01 -7.6850395000416427e+01 2.4053492780555769e+02 2.0085284106751798e-12 8.1487883267133816e+02 1.2237622137750853e+02 -3.4727676069298778e-12 -7.2948293007921653e-13 6.9956484711018879e+02 1.1816383559592990e+02 1.5648533572419598e+02 
6.9861292682864928e+01 5.9278134728175879e-11 -6.1097459715714194e+01 -1.6020975067085537e+03 1.1792521200543125e-11 3.4969524193133599e-11 -2.6429289317627689e+02 -9.8408795216712201e+02 3.7503736856968537e+01 6.9861292682894401e+01 -5.9335941998571267e-12 -6.1097459715908556e+01 -1.6020975067096879e+03 -7.2953681490864081e-12 -7.0455785652261005e-12 -2.6429289317673721e+02 -9.8408795216839746e+02 3.7503736857146258e+01 -1.4048922233394254e+02 -5.3382743410991500e-11 1.2237622137750853e+02 3.2099629107897499e+03 -4.4608619239561473e-12 -2.7962750147635426e-11 5.2896111513773121e+02 1.9733196243452066e+03 -7.3903511499194337e+01 
1.5470195818314437e-13 -8.3677812573425570e+01 -1.3335349097096660e-13 2.5409267411573475e-13 -1.2454983830681956e+03 -2.8522467556125260e+01 7.8385891138024305e-13 8.9402244201165153e-13 7.9704062548387251e-12 3.1756107037628891e-13 -8.3677812573370261e+01 3.5442883950042681e-12 4.2108559313137918e-12 -1.2454983830680978e+03 -2.8522467556057364e+01 3.5715185488065529e-12 2.7888668004948254e-12 -5.7655494302011641e-12 -5.0393105996435625e-13 1.6640800929546600e+02 -3.4727676069298778e-12 -4.4608619239561473e-12 2.5031908509233926e+03 5.7075518316752088e+01 -4.3987319459767467e-12 -3.6794586873538130e-12 -2.2346902879623808e-12 
-1.0621428160430437e-11 -8.8572127076484890e+02 -2.4443766250708832e-11 3.3823617835017477e-11 -2.8522467556109429e+01 -8.5726439542121670e+02 -1.5119211295322674e-11 1.7980593840579296e-11 2.8393031899556797e-11 4.2838990368684583e-12 -8.8572127076640038e+02 2.4991113955225159e-11 -5.9945771414793475e-12 -2.8522467556073067e+01 -8.5726439542218543e+02 2.1246791447759622e-11 2.6629711780695237e-11 -5.3411017769671991e-11 6.4035473589663327e-12 1.7729212057379725e+03 -7.2948293007921653e-13 -2.7962750147635426e-11 5.7075518316752088e+01 1.7168092385183802e+03 -6.3384241037179675e-12 -4.4681897395375056e-11 2.4799031740993844e-11 
-8.4135549842860257e+01 5.2290520358460474e-11 -3.4669045289638512e+02 -2.6429289317626495e+02 6.1042542186015128e-12 2.7046628367359238e-11 -4.2737146132900176e+02 -2.6394097044039256e+02 -9.2522800779611131e+01 -8.4135549842879996e+01 -4.4417477758190678e-11 -3.4669045289655173e+02 -2.6429289317675011e+02 -1.6917869766548052e-12 -2.0738166528996059e-11 -4.2737146132934089e+02 -2.6394097044087789e+02 -9.2522800779629378e+01 1.6884604318014462e+02 -7.8920509948119776e-12 6.9956484711018879e+02 5.2896111513773121e+02 -4.3987319459767467e-12 -6.3384241037179675e-12 8.6064843426422760e+02 5.2789709373005405e+02 1.8611466640394852e+02 
6.6956974666740237e+01 6.2298069823609620e-11 -5.9060054879399019e+01 -9.8408795216729413e+02 8.5752485190092468e-12 3.5825469701938103e-11 -2.6394097044047032e+02 -1.2467230912769512e+03 2.8967497494517130e+02 6.6956974666773135e+01 1.4336113527261855e-11 -5.9060054879522532e+01 -9.8408795216822602e+02 -4.8693633357145901e-12 8.8225493435743978e-12 -2.6394097044079939e+02 -1.2467230912778139e+03 2.8967497494526424e+02 -1.3422071146125688e+02 -7.6663040149453294e-11 1.1816383559592990e+02 1.9733196243452066e+03 -3.6794586873538130e-12 -4.4681897395375056e-11 5.2789709373005405e+02 2.4990388598862010e+03 -5.7824202670372813e+02 
-6.1383204052858666e+01 -3.6058888973224081e-11 -7.6850395000371407e+01 3.7503736857023171e+01 3.3148494731430121e-12 -1.9814992173413272e-11 -9.2522800779590028e+01 2.8967497494520410e+02 -7.4821856494190081e+02 -6.1383204052880288e+01 -1.0113575153747557e-11 -7.6850395000419269e+01 3.7503736857093514e+01 -1.0318371801903537e-12 -5.0130362077596380e-12 -9.2522800779650055e+01 2.8967497494523332e+02 -7.4821856494195697e+02 1.2527413765074130e+02 4.6146301645398872e-11 1.5648533572419598e+02 -7.3903511499194337e+01 -2.2346902879623808e-12 2.4799031740993844e-11 1.8611466640394852e+02 -5.7824202670372813e+02 1.5055746585238555e+03 
