3.8071781713579156e-01 1.1378566870243186e-17 -5.1646849799696326e-01 7.4366976719437483e-02 6.5020382115675348e-19 -2.6008152846270139e-18 5.0085165049421854e-01 -4.2956991941569607e-02 -9.4725117993975823e-03 
1.1378566870243186e-17 1.1360243833286432e+00 -5.2016305692540279e-18 1.0403261138508056e-17 9.0132188535285068e-02 -7.3781790444691009e-01 -3.9012229269405209e-18 -6.1769363009891581e-18 -2.6008152846270139e-18 
-5.1646849799696326e-01 -5.2016305692540279e-18 9.3073640071569164e-01 -4.6220898391357332e-02 1.6255095528918837e-19 4.5514267480972744e-18 -9.1581947169699052e-01 1.5535409604053469e-02 -3.1040150764600018e-02 
7.4366976719437483e-02 1.0403261138508056e-17 -4.6220898391357332e-02 3.5642087735765293e-01 0.0000000000000000e+00 -1.6255095528918837e-19 2.1687686480556728e-02 -3.2084780258030504e-01 -1.3020376618212112e-02 
6.5020382115675348e-19 9.0132188535285068e-02 1.6255095528918837e-19 0.0000000000000000e+00 3.4527690856353252e-02 -5.8905630665180349e-02 3.2510191057837674e-19 0.0000000000000000e+00 -4.0637738822297093e-19 
-2.6008152846270139e-18 -7.3781790444691009e-01 4.5514267480972744e-18 -1.6255095528918837e-19 -5.8905630665180349e-02 6.2558235440893306e-01 -2.9259171952053907e-18 1.6255095528918837e-18 0.0000000000000000e+00 
5.0085165049421854e-01 -3.9012229269405209e-18 -9.1581947169699052e-01 2.1687686480556728e-02 3.2510191057837674e-19 -2.9259171952053907e-18 9.6070348206104428e-01 6.9789245159209848e-03 2.5763190840638973e-02 
-4.2956991941569607e-02 -6.1769363009891581e-18 1.5535409604053469e-02 -3.2084780258030504e-01 0.0000000000000000e+00 1.6255095528918837e-18 6.9789245159209848e-03 3.5181949460516693e-01 2.3441143280783531e-03 
-9.4725117993975823e-03 -2.6008152846270139e-18 -3.1040150764600018e-02 -1.3020376618212112e-02 -4.0637738822297093e-19 0.0000000000000000e+00 2.5763190840638973e-02 2.3441143280783531e-03 4.6866389535094956e-02 
