3.8016121213997900e-01 1.1361931538561543e-17 -5.1571342709345891e-01 7.4258253069262870e-02 6.4925323077494531e-19 -2.5970129230997812e-18 5.0011941123911008e-01 -4.2894189321771990e-02 -9.4586630979364740e-03 
1.1361931538561543e-17 1.1343635289670517e+00 -5.1940258461995625e-18 1.0388051692399125e-17 9.0000416329824126e-02 -7.3673922330005792e-01 -3.8955193846496719e-18 -6.1679056923619804e-18 -2.5970129230997812e-18 
-5.1571342709345891e-01 -5.1940258461995625e-18 9.2937567498365115e-01 -4.6153323978504468e-02 1.6231330769373633e-19 4.5447726154246172e-18 -9.1448055434070841e-01 1.5512697016913039e-02 -3.0994770427224871e-02 
7.4258253069262870e-02 1.0388051692399125e-17 -4.6153323978504468e-02 3.5589979420362128e-01 0.0000000000000000e+00 -1.6231330769373633e-19 2.1655979336579305e-02 -3.2037872684553853e-01 -1.3001340979881391e-02 
6.4925323077494531e-19 9.0000416329824126e-02 1.6231330769373633e-19 0.0000000000000000e+00 3.4477211776153906e-02 -5.8819511322102606e-02 3.2462661538747265e-19 0.0000000000000000e+00 -4.0578326923434082e-19 
-2.5970129230997812e-18 -7.3673922330005792e-01 4.5447726154246172e-18 -1.6231330769373633e-19 -5.8819511322102606e-02 6.2466776032353988e-01 -2.9216395384872539e-18 1.6231330769373633e-18 0.0000000000000000e+00 
5.0011941123911008e-01 -3.8955193846496719e-18 -9.1448055434070841e-01 2.1655979336579305e-02 3.2462661538747265e-19 -2.9216395384872539e-18 9.5929894480656908e-01 6.9687214099035570e-03 2.5725525356953830e-02 
-4.2894189321771990e-02 -6.1679056923619804e-18 1.5512697016913039e-02 -3.2037872684553853e-01 0.0000000000000000e+00 1.6231330769373633e-18 6.9687214099035570e-03 3.5130513861890206e-01 2.3406872603472448e-03 
-9.4586630979364740e-03 -2.5970129230997812e-18 -3.0994770427224871e-02 -1.3001340979881391e-02 -4.0578326923434082e-19 0.0000000000000000e+00 2.5725525356953830e-02 2.3406872603472448e-03 4.6797871421739558e-02 
