0.19163959835106020000 0.00005158809333756074 -0.05504149493810231400 0.13650756360684554000 0.00409832461446601840 -0.00113599208601858870 0.00554412400124848320 0.00385133822733348770 0.01825539028357662700 0.15353936472953522000 -0.00072594198886443047 -0.05513666096239584100 0.12856410300330234000 0.00450440272239473710 -0.00095534001954626765 0.00941317965797025710 0.00186963170072671050 0.01392003557990833200 0.12224137537611592000 -0.00128670987837653990 -0.05421884062750612100 0.13784093318511262000 0.00435870781164165130 -0.00086408048666263503 0.01167296997101102900 -0.00114656167730923360 0.01012008318145025800 
0.00005158809333756074 0.07678835210092777000 -0.00097981076954938365 0.00328967202230493700 -0.01234837283077296200 0.00632922362951573830 0.00626779438988008670 0.00271223401742093800 -0.00443599741077252850 0.00017254557975718312 0.07849885756268304400 -0.00072260701653332441 0.00288787034815215760 -0.01110005917369882700 0.00833992168788349860 0.00674238684587046090 0.00282177715152034110 -0.00424970691110063220 0.00285294562911922720 0.08113732102286815000 -0.00140058109794478570 0.00164925658229550500 -0.01179252816420667600 0.00920359599064681130 0.00685622668195345900 0.00313107257946719600 -0.00465955924060098850 
-0.05504149493810231400 -0.00097981076954938365 0.07879255530868772800 -0.02989001983498659100 -0.00117260027902716770 0.00004471361327350362 -0.02248618175621542100 0.00300550535389174650 -0.00239412756299570370 -0.06272358608773465100 -0.00118386066352411360 0.08034550304029122700 -0.02212716104756912500 -0.00140587941799085710 -0.00037545064004331847 -0.02531466063925245900 0.00338783196913011040 -0.00251787790077845140 -0.06753021798526329100 -0.00120843131573790270 0.08281102882327845400 -0.01574568088983399600 -0.00129368932267325010 -0.00058593222787827902 -0.02752828993970052000 0.00293357369223098750 -0.00014566353038357430 
0.13650756360684554000 0.00328967202230493700 -0.02989001983498659100 0.40969238512590261000 -0.01139578200296753400 -0.00435639141889954120 0.02567759019036544900 -0.03345049238007842500 -0.00614845954445701790 0.10673077645739618000 0.00232823870206040490 -0.02410481699364923300 0.36615750705191197000 -0.01074409615014937400 -0.00300597312679559430 0.02542794339885566200 -0.02802983789322339000 -0.00204838225577083380 0.13036035809560470000 0.00176198962945645250 -0.02149404249528721200 0.36838309476717218000 -0.01083581265450101600 -0.00230736531316647800 0.02738367318948863000 -0.02944645583443476100 -0.00148198307291641730 
0.00409832461446601840 -0.01234837283077296200 -0.00117260027902716770 -0.01139578200296753400 0.07568219497003313100 -0.00608103848387835710 -0.00126408613652287700 0.00034128709087596736 0.00514982639467727490 0.00653994149019392070 -0.01357061401915667100 -0.00214898828003758570 -0.01254322208402304900 0.07268198202063971800 -0.00885855200485508730 -0.00117979468931227700 0.00124135291000123300 0.00510685676149269000 0.00694422004886805810 -0.01324279993356783700 -0.00302332303734377180 -0.01360009306993786200 0.07176289893288541300 -0.01021284835241895900 -0.00155902667269328350 0.00175427827396336740 0.00483214378600901620 
-0.00113599208601858870 0.00632922362951573830 0.00004471361327350362 -0.00435639141889954120 -0.00608103848387835710 0.04307318787475278300 -0.00066635929194274151 -0.00191618409586719940 -0.00255669290569488340 0.00029825600176641422 0.00631791009032407410 -0.00004289311012813401 -0.00400859590384331900 -0.00491475632954765230 0.04244083423588469000 -0.00030435542012984120 -0.00213333188804359140 -0.00220771515775888260 0.00135624936157209810 0.00659009791792137390 -0.00080155828553699678 -0.00323885944840473500 -0.00341082231111375800 0.04119434210694863900 0.00049080619250535008 -0.00245572061419000590 -0.00185451943825910070 
0.00554412400124848320 0.00626779438988008670 -0.02248618175621542100 0.02567759019036544900 -0.00126408613652287700 -0.00066635929194274151 0.16832808148585671000 -0.00662826390454031300 -0.02726149411906856800 0.01882134570541503500 0.00627518781233514080 -0.02820981467590635800 0.01170511458286359500 -0.00142773705688032130 -0.00031452833993766993 0.17762527676528186000 0.00218560014300652910 -0.02629080949762243100 0.02709779210279384900 0.00578692691577642900 -0.03308172689868785900 -0.00255378384199581420 -0.00209170791200954590 0.00013771384551042635 0.19013949124482879000 0.00933377966411823990 -0.03305752731447293700 
0.00385133822733348770 0.00271223401742093800 0.00300550535389174650 -0.03345049238007842500 0.00034128709087596736 -0.00191618409586719940 -0.00662826390454031300 0.04567702919074113200 -0.01064493438453423600 0.00244205931958557620 0.00298083840742066400 0.00108004759931940250 -0.03242784366618953200 -0.00022400051115368172 -0.00203394099442088870 -0.00585531682451174200 0.04428178730056445800 -0.01061817207489975700 -0.00543351580923415270 0.00302201880378509230 0.00145477259684972460 -0.03644915975731696800 -0.00057990426182899339 -0.00200287672741961480 -0.00741776436071898970 0.04369647460082951700 -0.01243532468410877600 
0.01825539028357662700 -0.00443599741077252850 -0.00239412756299570370 -0.00614845954445701790 0.00514982639467727490 -0.00255669290569488340 -0.02726149411906856800 -0.01064493438453423600 0.12799672637737361000 0.00436327684485392390 -0.00501201334399475030 0.00120072137305742180 0.01617405730221233700 0.00479641610529786720 -0.00243233492557558320 -0.02752410751035402500 -0.01632006153621955500 0.12178330518751157000 -0.01165714641510186500 -0.00519229298045793730 0.00623179549326688920 0.03984841739629525100 0.00442879034408494300 -0.00218120966513595360 -0.03580824588503205700 -0.02110097206578451600 0.13178322536565532000 
0.15353936472953522000 0.00017254557975718312 -0.06272358608773465100 0.10673077645739618000 0.00653994149019392070 0.00029825600176641422 0.01882134570541503500 0.00244205931958557620 0.00436327684485392390 0.17116408736063862000 -0.00016028750496472499 -0.07117973672957080000 0.08574719683259472700 0.00648903346620809730 0.00026126913813209567 0.02496962594304557400 0.00329448322483590590 0.00732698854317616680 0.18203903028594912000 -0.00014226486636260716 -0.07720841962676519600 0.08238136814447524800 0.00655713391238197610 0.00023132964147362976 0.03222268204559895800 0.00332633732155128340 0.00589250059658861980 
-0.00072594198886443047 0.07849885756268304400 -0.00118386066352411360 0.00232823870206040490 -0.01357061401915667100 0.00631791009032407410 0.00627518781233514080 0.00298083840742066400 -0.00501201334399475030 -0.00016028750496472499 0.08423343899740815000 -0.00108517315155293390 0.00146503097919782440 -0.01299608662201493300 0.00800150410687956550 0.00685371417843848740 0.00317288963756063610 -0.00477924795060921930 0.00247561718154744100 0.08922671074950080900 -0.00175192709471621070 -0.00049730668592771912 -0.01358529267769943500 0.00877978217696905560 0.00702907963595071190 0.00366548044264025570 -0.00535241966459401670 
-0.05513666096239584100 -0.00072260701653332441 0.08034550304029122700 -0.02410481699364923300 -0.00214898828003758570 -0.00004289311012813401 -0.02820981467590635800 0.00108004759931940250 0.00120072137305742180 -0.07117973672957080000 -0.00108517315155293390 0.08732345726047337200 -0.01285696300869351700 -0.00220768521058783500 -0.00030790683814910767 -0.03199971007199002600 0.00032749925496360153 -0.00037958763173305467 -0.07934523043309751900 -0.00122353417736138890 0.09297154024152019800 -0.00241618525047720100 -0.00205841856465543070 -0.00050813284396572761 -0.03531874286255277900 -0.00020025820149295649 0.00241855713224509200 
0.12856410300330234000 0.00288787034815215760 -0.02212716104756912500 0.36615750705191197000 -0.01254322208402304900 -0.00400859590384331900 0.01170511458286359500 -0.03242784366618953200 0.01617405730221233700 0.08574719683259472700 0.00146503097919782440 -0.01285696300869351700 0.36240434350618456000 -0.01163015594274946100 -0.00250244639693560700 0.00880993632112593050 -0.03481236795626174000 0.01657076138881520200 0.09238011999431372500 0.00087317532318642425 -0.00752204449010858510 0.38795704280059823000 -0.01137331429505089600 -0.00170613929988550480 0.00558866589842451490 -0.04140997454620627000 0.02098211143436637400 
0.00450440272239473710 -0.01110005917369882700 -0.00140587941799085710 -0.01074409615014937400 0.07268198202063971800 -0.00491475632954765230 -0.00142773705688032130 -0.00022400051115368172 0.00479641610529786720 0.00648903346620809730 -0.01299608662201493300 -0.00220768521058783500 -0.01163015594274946100 0.07233331144895323300 -0.00750051919875242750 -0.00144584701367197660 0.00041130897836941829 0.00464361534483672710 0.00709868939378847670 -0.01327277868467902100 -0.00304366726341640660 -0.01181036124624807100 0.07285312752770874100 -0.00928349688529670620 -0.00197482744666587500 0.00074503668557744532 0.00457981486368631490 
-0.00095534001954626765 0.00833992168788349860 -0.00037545064004331847 -0.00300597312679559430 -0.00885855200485508730 0.04244083423588469000 -0.00031452833993766993 -0.00203394099442088870 -0.00243233492557558320 0.00026126913813209567 0.00800150410687956550 -0.00030790683814910767 -0.00250244639693560700 -0.00750051919875242750 0.04327499294155258400 0.00009132423106683507 -0.00232778293149800550 -0.00225006171636799380 0.00103877631520954660 0.00823386733542518130 -0.00089745096600377550 -0.00174646748645729140 -0.00589977949803499340 0.04290571655952013500 0.00087666273668543689 -0.00270035440499006300 -0.00203767314970420630 
0.00941317965797025710 0.00674238684587046090 -0.02531466063925245900 0.02542794339885566200 -0.00117979468931227700 -0.00030435542012984120 0.17762527676528186000 -0.00585531682451174200 -0.02752410751035402500 0.02496962594304557400 0.00685371417843848740 -0.03199971007199002600 0.00880993632112593050 -0.00144584701367197660 0.00009132423106683507 0.19094333441646905000 0.00336454986160915830 -0.02781097154681109700 0.03406623745612633000 0.00633972613037746620 -0.03777182687990618400 -0.00795256103743907130 -0.00222893165095384330 0.00055530724043366246 0.20755998897280473000 0.01182772449140833700 -0.03607596114095152500 
0.00186963170072671050 0.00282177715152034110 0.00338783196913011040 -0.02802983789322339000 0.00124135291000123300 -0.00213333188804359140 0.00218560014300652910 0.04428178730056445800 -0.01632006153621955500 0.00329448322483590590 0.00317288963756063610 0.00032749925496360153 -0.03481236795626174000 0.00041130897836941829 -0.00232778293149800550 0.00336454986160915830 0.04672469518133821900 -0.01541872447235105900 -0.00060121964546887058 0.00319851576966167110 0.00013548525540360679 -0.04287922314689012600 -0.00014671643596362823 -0.00228907300778483790 0.00236237254981212530 0.04835065191216073000 -0.01824550975304117100 
0.01392003557990833200 -0.00424970691110063220 -0.00251787790077845140 -0.00204838225577083380 0.00510685676149269000 -0.00220771515775888260 -0.02629080949762243100 -0.01061817207489975700 0.12178330518751157000 0.00732698854317616680 -0.00477924795060921930 -0.00037958763173305467 0.01657076138881520200 0.00464361534483672710 -0.00225006171636799380 -0.02781097154681109700 -0.01541872447235105900 0.12170928597635523000 -0.00276013144738675860 -0.00486369044554296490 0.00375747194102197960 0.03739540696568732800 0.00438054465956706430 -0.00206399495361856080 -0.03613333525533132800 -0.02004833304642093100 0.13436280914444637000 
0.12224137537611592000 0.00285294562911922720 -0.06753021798526329100 0.13036035809560470000 0.00694422004886805810 0.00135624936157209810 0.02709779210279384900 -0.00543351580923415270 -0.01165714641510186500 0.18203903028594912000 0.00247561718154744100 -0.07934523043309751900 0.09238011999431372500 0.00709868939378847670 0.00103877631520954660 0.03406623745612633000 -0.00060121964546887058 -0.00276013144738675860 0.28351711643717370000 0.00242399237395394010 -0.09531495743328385900 0.10273960353935829000 0.00699662753203202440 0.00055723511209422550 0.04160196353919130100 0.00032447354123331748 0.00943339280076568170 
-0.00128670987837653990 0.08113732102286815000 -0.00120843131573790270 0.00176198962945645250 -0.01324279993356783700 0.00659009791792137390 0.00578692691577642900 0.00302201880378509230 -0.00519229298045793730 -0.00014226486636260716 0.08922671074950080900 -0.00122353417736138890 0.00087317532318642425 -0.01327277868467902100 0.00823386733542518130 0.00633972613037746620 0.00319851576966167110 -0.00486369044554296490 0.00242399237395394010 0.09693728211693825000 -0.00191193606191044830 -0.00171677337912439790 -0.01364900772749841700 0.00913295457841245900 0.00646067182954958210 0.00377008461687050820 -0.00552668820891825600 
-0.05421884062750612100 -0.00140058109794478570 0.08281102882327845400 -0.02149404249528721200 -0.00302332303734377180 -0.00080155828553699678 -0.03308172689868785900 0.00145477259684972460 0.00623179549326688920 -0.07720841962676519600 -0.00175192709471621070 0.09297154024152019800 -0.00752204449010858510 -0.00304366726341640660 -0.00089745096600377550 -0.03777182687990618400 0.00013548525540360679 0.00375747194102197960 -0.09531495743328385900 -0.00191193606191044830 0.10308267774841488000 0.00339809354029418530 -0.00290282406140486040 -0.00093246051468450148 -0.04290749724989059700 0.00030057023905427508 0.00569451306411975120 
0.13784093318511262000 0.00164925658229550500 -0.01574568088983399600 0.36838309476717218000 -0.01360009306993786200 -0.00323885944840473500 -0.00255378384199581420 -0.03644915975731696800 0.03984841739629525100 0.08238136814447524800 -0.00049730668592771912 -0.00241618525047720100 0.38795704280059823000 -0.01181036124624807100 -0.00174646748645729140 -0.00795256103743907130 -0.04287922314689012600 0.03739540696568732800 0.10273960353935829000 -0.00171677337912439790 0.00339809354029418530 0.46072218055540415000 -0.01140375864530699200 -0.00136521679720156500 -0.02036336370495273400 -0.05774091811102415000 0.05665797304389316000 
0.00435870781164165130 -0.01179252816420667600 -0.00129368932267325010 -0.01083581265450101600 0.07176289893288541300 -0.00341082231111375800 -0.00209170791200954590 -0.00057990426182899339 0.00442879034408494300 0.00655713391238197610 -0.01358529267769943500 -0.00205841856465543070 -0.01137331429505089600 0.07285312752770874100 -0.00589977949803499340 -0.00222893165095384330 -0.00014671643596362823 0.00438054465956706430 0.00699662753203202440 -0.01364900772749841700 -0.00290282406140486040 -0.01140375864530699200 0.07534955797737162600 -0.00792087143218831590 -0.00282964185547475480 0.00003101878045293425 0.00447807214527166580 
-0.00086408048666263503 0.00920359599064681130 -0.00058593222787827902 -0.00230736531316647800 -0.01021284835241895900 0.04119434210694863900 0.00013771384551042635 -0.00200287672741961480 -0.00218120966513595360 0.00023132964147362976 0.00877978217696905560 -0.00050813284396572761 -0.00170613929988550480 -0.00928349688529670620 0.04290571655952013500 0.00055530724043366246 -0.00228907300778483790 -0.00206399495361856080 0.00055723511209422550 0.00913295457841245900 -0.00093246051468450148 -0.00136521679720156500 -0.00792087143218831590 0.04367469442827347200 0.00128613882919317510 -0.00263328567997478740 -0.00199749759178887960 
0.01167296997101102900 0.00685622668195345900 -0.02752828993970052000 0.02738367318948863000 -0.00155902667269328350 0.00049080619250535008 0.19013949124482879000 -0.00741776436071898970 -0.03580824588503205700 0.03222268204559895800 0.00702907963595071190 -0.03531874286255277900 0.00558866589842451490 -0.00197482744666587500 0.00087666273668543689 0.20755998897280473000 0.00236237254981212530 -0.03613333525533132800 0.04160196353919130100 0.00646067182954958210 -0.04290749724989059700 -0.02036336370495273400 -0.00282964185547475480 0.00128613882919317510 0.23228210835225563000 0.01320412475918526100 -0.04859652949565977000 
-0.00114656167730923360 0.00313107257946719600 0.00293357369223098750 -0.02944645583443476100 0.00175427827396336740 -0.00245572061419000590 0.00933377966411823990 0.04369647460082951700 -0.02110097206578451600 0.00332633732155128340 0.00366548044264025570 -0.00020025820149295649 -0.04140997454620627000 0.00074503668557744532 -0.00270035440499006300 0.01182772449140833700 0.04835065191216073000 -0.02004833304642093100 0.00032447354123331748 0.00377008461687050820 0.00030057023905427508 -0.05774091811102415000 0.00003101878045293425 -0.00263328567997478740 0.01320412475918526100 0.05432605140357257100 -0.02664794027354396400 
0.01012008318145025800 -0.00465955924060098850 -0.00014566353038357430 -0.00148198307291641730 0.00483214378600901620 -0.00185451943825910070 -0.03305752731447293700 -0.01243532468410877600 0.13178322536565532000 0.00589250059658861980 -0.00535241966459401670 0.00241855713224509200 0.02098211143436637400 0.00457981486368631490 -0.00203767314970420630 -0.03607596114095152500 -0.01824550975304117100 0.13436280914444637000 0.00943339280076568170 -0.00552668820891825600 0.00569451306411975120 0.05665797304389316000 0.00447807214527166580 -0.00199749759178887960 -0.04859652949565977000 -0.02664794027354396400 0.15789692510661466000 
