11.246355493803113000 0.050213704388566871 8.414216398755803200 -3.258386858623412200 -1.183101801701624800 -0.540332303814105020 0.134359387252730690 -3.277917498058526400 -0.480653913944961820 
0.050213704388566871 12.492153013644543000 0.131535789368280360 -0.102789242174809640 1.966066239260576300 -2.030986448120203100 -0.339437782950338440 -0.974775254084945360 0.162350522859770310 
8.414216398755803200 0.131535789368280360 18.657920450733737000 -2.010488722615440400 -0.384194541031571970 -0.166406023731635160 2.154151454031159000 -2.477635425450801500 -0.064368879090412334 
-3.258386858623412200 -0.102789242174809640 -2.010488722615440400 3.797798543956499200 0.832516280159518510 0.550855871347242010 -0.143944840882533120 3.186346772170344000 -0.049364345736624904 
-1.183101801701624800 1.966066239260576300 -0.384194541031571970 0.832516280159518510 14.491037722630979000 2.110198058214571000 0.028981392195959008 0.395312302462892170 -0.418883920414037990 
-0.540332303814105020 -2.030986448120203100 -0.166406023731635160 0.550855871347242010 2.110198058214571000 24.412822246153922000 0.127608341130073440 1.935548693440662700 0.476830726841545040 
0.134359387252730690 -0.339437782950338440 2.154151454031159000 -0.143944840882533120 0.028981392195959008 0.127608341130073440 5.772680478991613700 0.060187121955147971 1.442618501235062100 
-3.277917498058526400 -0.974775254084945360 -2.477635425450801500 3.186346772170344000 0.395312302462892170 1.935548693440662700 0.060187121955147971 25.400406931870052000 2.949895121976104500 
-0.480653913944961820 0.162350522859770310 -0.064368879090412334 -0.049364345736624904 -0.418883920414037990 0.476830726841545040 1.442618501235062100 2.949895121976104500 8.415552186813821200 
