-0.35508996333125142000 0.21972396569922481000 0.32764801761694268000 0.00011727799855223971 -0.03320026441033634800 -0.21120790172871551000 -0.65347388202985557000 -0.28420630774943195000 0.40591487342431504000 
-0.06904037535990079100 -0.11865677026383216000 -0.04003399430344703500 -0.54904729830260612000 -0.81252825416005836000 -0.09655166354955409300 0.07590390165135109400 -0.05281312376749035900 0.00482960628662176820 
-0.43621229385893440000 0.35963137778728971000 0.59742569737372853000 -0.14654755887395474000 0.06893768029116140200 0.04090055438886042900 0.43189515983320964000 0.30716335728593730000 -0.12117111719785796000 
0.17028732320224696000 -0.05611391567332331400 -0.02816521451136110400 -0.04143284353546931200 0.04793786814012110400 -0.00770202376364357860 0.34199080370662427000 0.20560823175249490000 0.89652310680559111000 
0.09470268180586730000 0.11451359811757129000 -0.15518499338157241000 -0.81484175288013472000 0.51069414596231355000 0.07552634941067866400 -0.15125906933625288000 -0.00670085943844671470 -0.02077560464032856800 
0.33604301738329817000 0.88313158588501928000 -0.24656255185996537000 0.08240098268602591400 -0.19502865903745864000 -0.03515692689423494100 0.01316457856436440200 -0.00995730258207732850 -0.00510266545386371410 
-0.02985886791648142600 0.05143327009178373000 0.10083137930731016000 -0.01238926259635417400 0.02880938558706604500 0.45541235871923208000 0.33421556417690856000 -0.81296410111931749000 0.07281164491184205500 
0.71818385598046719000 -0.09735219740935451000 0.64687209415210578000 -0.06542361008452948800 -0.01251751764324689000 -0.18503608642006267000 -0.05435610099921185700 -0.08543786262167169000 -0.08579911484728250400 
0.10626615781608882000 0.00092552266243569616 0.14088067739956736000 0.01278421560217723300 -0.17836417285140529000 0.83412098239882349000 -0.35498183484863494000 0.33385501059558026000 0.06043991289257304900 
