2.0374312817741585e-02 1.7040619169473845e-02 1.0372367329064144e-13 1.0051370810905045e-13 1.6549158024739552e-14 -1.3610237651198881e-14 6.3905277332934232e-02 -1.1692865726677633e-01 -6.0808491677627717e-02 1.1729470582083774e-01 -2.8320482367754297e-02 -5.0393927062207890e-02 -2.1296413713833989e-14 -1.5937292440942037e-14 -4.9858160772209292e-01 4.7937663656237134e-01 1.5392628579121009e-01 3.5401804615430077e-01 -1.7268535334266494e-01 -3.8094506542897320e-16 -7.5207186651022037e-02 -1.6458945668814426e-01 4.7032763612229400e-01 3.5463304385099925e-15 -4.7627353035556624e-02 -1.0549692125911864e-16 2.1746457605742001e-01 
6.2000328844119912e-13 1.1446678729733138e-12 -7.3345692752736058e-02 -6.5813552823793919e-01 -2.1757095071994116e-02 4.8697267154953802e-02 2.2075525968609006e-13 -7.4743796459627576e-14 2.1516663517644071e-13 3.1792943034080887e-13 -1.8037512800786177e-14 1.2099281760055063e-13 3.0608256406151951e-01 -3.6278557228127201e-01 1.0080239904832987e-14 1.3188459785292135e-14 1.4477565700804168e-15 1.7481438602645730e-15 6.1669038654303412e-16 5.0552509982893207e-02 5.4462140051822275e-16 -5.9258417668970537e-18 2.4766007623099262e-15 -3.3245204082338531e-01 -9.3399358478416086e-17 -4.6931164232323169e-01 -1.0275096832188895e-17 
-3.9079551380447899e-02 -3.2685261994726419e-02 -2.9318991445401400e-13 1.2049163796860495e-13 7.0516754323666893e-14 -2.5272437619287276e-16 1.6506851960559527e-01 -3.0202889589192317e-01 -2.0298381859017445e-01 3.9153951415420796e-01 -9.5439894288019592e-02 -1.6982730057723588e-01 -1.3250547766778440e-14 -1.4495723623191225e-14 -9.9351218471151609e-02 9.5524287722279985e-02 -2.1625815673650667e-01 -4.9737632347366928e-01 -3.8375712076964474e-01 -2.9869981966732783e-16 -1.1095711786772496e-01 1.6448886275813571e-01 7.1019452610834824e-02 5.8054621765273040e-16 -1.7173247995985051e-02 2.5468679302270909e-17 -3.7597480569723729e-01 
-4.6347900674323544e-01 -3.8764346644392983e-01 -3.0629597605385387e-12 -7.6345035896620491e-13 3.3100497284264278e-13 2.6792029457735000e-13 6.0324484743046816e-02 -1.1037681542717630e-01 1.6130536426796499e-01 -3.1114511685758511e-01 -1.9719464524968858e-01 -3.5089135985394221e-01 -7.9626429711423772e-14 -2.8589346370131029e-13 -2.1727740668366191e-02 2.0890805196952453e-02 1.5254408748203571e-03 3.5083910149014200e-03 -6.0403354419666239e-02 6.8035725652141014e-16 3.8520508518669672e-01 1.2142813332404281e-01 2.9135634280526342e-02 1.0999739259633795e-16 -4.0629442522371689e-01 9.2932219808005562e-17 2.5158969357562681e-02 
1.6468064342782820e-13 -1.1571022583736141e-13 -8.8452745829452721e-03 -7.9369206855887747e-02 3.3136685265133181e-01 -7.4167346773319931e-01 -8.2084034418085307e-14 -8.9612048212621926e-14 -6.5903649303316634e-14 -1.1201908896708615e-13 -1.2783081854395086e-14 -1.3984179598238509e-14 -1.2984272993647435e-02 1.5389661031817287e-02 1.0596501847718186e-16 -1.0449927501236110e-14 -3.2892984900346567e-16 -8.1346758329234483e-16 3.5766042779227918e-16 -5.7510440833741006e-01 2.1107095669264970e-16 1.8142768110397602e-16 2.2219878973815810e-16 -3.3904112392602249e-02 -7.4320788374460263e-18 -3.7931042789252002e-02 -8.5797784571106802e-19 
3.4683615689305449e-13 9.4702350013849291e-13 -5.2158776203904508e-02 -4.6802398942552925e-01 -2.5599557471085325e-02 5.7297561328385399e-02 1.2657324557564478e-13 -1.9429383264081308e-13 2.2953874292502015e-13 5.9874233957248418e-14 4.0251160260014800e-14 -2.1324360104840237e-13 -4.2821150851683132e-01 5.0753938778249974e-01 -3.3261449079107409e-15 -9.5589602791015334e-15 1.8416872969822862e-15 -3.0242433085340253e-15 5.7227501371468606e-16 5.7180922202928908e-03 1.3244133724037349e-15 4.9968167729223116e-16 3.5451919501218739e-15 -4.7080726953666419e-01 3.2518865394513293e-17 3.3412744829798779e-01 8.4500109844691882e-18 
-1.1115241502991474e-01 -9.2965391828262162e-02 -7.6421752721917941e-13 -7.3438765061886733e-15 1.1114550384269898e-13 3.6473781234572071e-14 1.6708535453697304e-01 -3.0571913573236065e-01 -1.7875034452878930e-01 3.4479508533170078e-01 -1.8182842921439492e-02 -3.2354846505169663e-02 1.9963564515610273e-14 5.0628914082987007e-14 2.8633471886657647e-01 -2.7530533083328101e-01 1.8458340043483445e-01 4.2452693793370827e-01 -2.7254650626020888e-01 1.1706511575078992e-16 -8.3965229580245881e-02 2.6243254487002382e-01 -1.9204898129649284e-01 -1.1808486317672201e-15 4.9058039597236550e-02 -1.2661289676879671e-17 3.7926406685464031e-01 
-3.9820889838949292e-01 -3.3305300886141292e-01 -2.3618903188127120e-12 -7.3346126372112115e-13 1.2755506554881803e-14 3.9403126657623803e-14 -8.0505428495583564e-02 1.4730225811502712e-01 -9.1607284916007711e-02 1.7670310903483077e-01 2.7455298663436861e-01 4.8854405103206983e-01 1.4784908439612170e-13 3.7646142252356363e-13 -7.2820609804963812e-02 7.0015617223054535e-02 -2.8524143056452567e-02 -6.5603229111663011e-02 -5.5238166847297182e-02 -6.3816957435680813e-16 3.7999602319654224e-01 9.2218408602084939e-02 1.1892156797920320e-01 1.6360509138852591e-15 4.0386700272312465e-01 -2.6690198750396136e-16 -1.1400460832894439e-02 
6.7716956741602927e-02 5.6636946799299384e-02 1.2649755555766232e-13 2.9287282408934206e-13 3.1930732348056241e-13 1.7189321601629215e-13 2.8976305897980936e-01 -5.3018478012627923e-01 1.7308362259690213e-01 -3.3386443298422502e-01 1.8843226079988631e-01 3.3529943041123977e-01 7.5151686876847737e-14 2.6090367625256400e-15 -1.4261042105462137e-02 1.3711717986424982e-02 -2.5430573933165661e-02 -5.8488269564414434e-02 -2.7433949033342253e-01 9.2110264411311547e-17 1.2464202873235888e-01 -4.3251264843279685e-01 -2.3496265586519080e-01 -2.0097652383456455e-15 1.3403022937885490e-02 1.9048186105695563e-16 9.0144506746654418e-03 
4.5704526883575897e-03 -2.6164982069312052e-02 -4.7938629764186008e-14 9.0529229420171590e-15 -5.3071752504022211e-14 -5.2934096504082752e-14 6.9310548956413920e-02 1.1380792223997710e-01 1.3198444080903901e-01 -5.9856543511147605e-03 -2.9482179848339493e-02 4.9723220709108541e-02 4.9919000926932245e-16 4.9303456878365863e-14 6.6444314910481062e-01 1.9209601986582750e-01 2.2962547847217435e-01 -3.1031309688251274e-01 -1.7268535334266502e-01 -2.1887229899368399e-16 -7.5207186651021232e-02 -1.6458945668814423e-01 4.7032763612229417e-01 3.6261260243390311e-15 -4.7627353035556576e-02 -1.2495475036520761e-16 2.1746457605742001e-01 
1.5634477812004456e-12 1.3355048381655755e-12 -5.3328924021077884e-01 3.9258699730094904e-01 5.3051617986734668e-02 -5.5064365327300822e-03 -2.5719549728645428e-13 3.0434617213861886e-13 -6.3826245028636666e-14 1.0764751949254198e-13 5.0086803077979146e-14 1.8747913072652145e-13 -4.6722280375290537e-01 -8.3682489992087578e-02 -8.5957779784617013e-15 -1.0377261492175440e-14 -1.6047958996045046e-14 -4.6220706455633087e-15 -5.0220620913989216e-16 5.0552509982892874e-02 -5.9335719972291611e-16 7.3149772421555678e-18 2.4007338192634137e-15 -3.3245204082338575e-01 -1.0560658555600822e-16 -4.6931164232323175e-01 -1.1889151070533550e-17 
-8.7664915258908425e-03 5.0186515261919445e-02 2.3183515138381241e-13 1.9458721119353904e-13 -2.0569817119012454e-13 -2.1714948473545369e-13 1.7903043671473332e-01 2.9396797929071689e-01 4.4057507513791949e-01 -1.9980613619003398e-02 -9.9354809412114678e-02 1.6756702327668743e-01 5.7247507906002834e-14 1.3312510993588305e-13 1.3240206908151414e-01 3.8278535231848758e-02 -3.2261145300082855e-01 4.3597321924626598e-01 -3.8375712076964330e-01 -2.8559981986324443e-16 -1.1095711786772584e-01 1.6448886275813529e-01 7.1019452610835671e-02 2.5442328636677419e-16 -1.7173247995985134e-02 -4.2154659262919189e-17 -3.7597480569723718e-01 
-1.0396958617931613e-01 5.9520632718258948e-01 1.7054489121435421e-12 6.5033331785903279e-13 -4.6505982542360345e-13 -4.0642447582449632e-13 6.5426883780044520e-02 1.0743094396865641e-01 -3.5011225759643688e-01 1.5878015206312650e-02 -2.0528350897700057e-01 3.4622125220332256e-01 7.6781578756253077e-14 1.6505749729131777e-13 2.8955838340259256e-02 8.3713727871682474e-03 2.2756353079027582e-03 -3.0752660570118363e-03 -6.0403354419665892e-02 1.8836636150555781e-16 3.8520508518669638e-01 1.2142813332404197e-01 2.9135634280526172e-02 9.6131463249785054e-17 -4.0629442522371700e-01 1.6732860587300846e-16 2.5158969357562646e-02 
2.7802689172474016e-13 -2.8251542704043281e-13 -6.4313112123510124e-02 4.7344835920206683e-02 -8.0799149069555298e-01 8.3864621498429992e-02 -9.7639946273387785e-14 -3.9465910028941026e-13 1.6886806572689136e-14 -1.7904940764678099e-13 -5.3934083353656249e-16 -2.9088539235540390e-14 1.9819973906027723e-02 3.5498797462481533e-03 1.0076248917892678e-16 -6.5851943947712643e-15 -7.1101358174822210e-16 -3.5013087458693692e-16 1.7551446865667751e-16 -5.7510440833740983e-01 4.6272226474862488e-17 9.1484217059690139e-17 2.5377094102188392e-16 -3.3904112392602236e-02 -3.5985400670710668e-18 -3.7931042789251988e-02 -1.1043202728737541e-18 
1.1288732074220695e-12 1.0087680555624502e-12 -3.7924127632116900e-01 2.7918281993573679e-01 6.2420922420615005e-02 -6.4789135687313044e-03 -2.1310495628948993e-13 2.0168481073314583e-13 -6.4243655480051362e-14 -2.9307939393947268e-14 5.9608959808193213e-14 -2.2833663134476160e-13 6.5364775749919790e-01 1.1707235067720487e-01 7.2139526214527693e-15 3.0812775929538422e-14 4.1877139819153318e-15 2.8651869375495465e-15 4.9247778345058969e-16 5.7180922202931944e-03 -9.1120983993188275e-17 2.8118105820032485e-16 3.4836672163227168e-15 -4.7080726953666396e-01 2.3310981983148583e-17 3.3412744829798763e-01 9.5807905534844288e-18 
-2.4934183480384710e-02 1.4274351102260119e-01 4.9888938766869573e-13 3.0100419716717851e-13 -2.6347765759601972e-13 -2.7012406837711339e-13 1.8121786069720192e-01 2.9755972949650034e-01 3.8797647526159262e-01 -1.7595203366813670e-02 -1.8928697548477515e-02 3.1924227135648575e-02 2.8784345938435369e-14 2.3924086556126122e-14 -3.8158876973215872e-01 -1.1032047510732276e-01 2.7535941262399954e-01 -3.7211738286031854e-01 -2.7254650626020865e-01 -9.5237127973143457e-17 -8.3965229580244105e-02 2.6243254487002415e-01 -1.9204898129649337e-01 -1.3577938144486434e-15 4.9058039597236640e-02 1.5340560768163430e-17 3.7926406685464048e-01 
-8.9327917286706929e-02 5.1138552644871038e-01 1.5424302128437271e-12 7.6776145065623996e-13 -2.1971454137236993e-13 -2.9173608297624838e-13 -8.7314783314671449e-02 -1.4337087527766243e-01 1.9883302380992851e-01 -9.0173186094779090e-03 2.8581506574421256e-01 -4.8204188662640984e-01 -1.2967757090111266e-13 -4.6221909550613019e-13 9.7045608079280851e-02 2.8056689398556309e-02 -4.2551991452779075e-02 5.7504247063915145e-02 -5.5238166847297369e-02 8.8079938983104823e-16 3.7999602319654191e-01 9.2218408602085120e-02 1.1892156797920349e-01 -3.9010864715449331e-16 4.0386700272312459e-01 2.7779334889799397e-16 -1.1400460832894449e-02 
1.5190556351882193e-02 -8.6963078204095962e-02 -2.0789579908721872e-13 -2.6226381355536141e-13 -2.6937483797293113e-13 -1.3581360005049953e-13 3.1427195880079056e-01 5.1603456021703442e-01 -3.7567689168280044e-01 1.7037402347678410e-02 1.9616169421093332e-01 -3.3083683995072982e-01 -9.3260103088404649e-14 -5.4091108140844377e-14 1.9005217158575251e-02 5.4945657543386773e-03 -3.7937040299588373e-02 5.1267657841152274e-02 -2.7433949033342320e-01 -4.3208052192002632e-16 1.2464202873235827e-01 -4.3251264843279669e-01 -2.3496265586519099e-01 -1.7183384706451199e-15 1.3403022937885480e-02 1.9761477182789840e-18 9.0144506746654939e-03 
-2.4944765506098920e-02 9.1243628998380153e-03 -5.5865890404883542e-14 -1.1033278709042322e-13 3.6749860525431984e-14 6.6699684583957594e-14 -1.3321582628935080e-01 3.1207350267995621e-03 -7.1175949131410760e-02 -1.1130905146972236e-01 5.7802662216091788e-02 6.7070635309947205e-04 2.1078205933282254e-14 -3.2689948546615865e-14 -1.6586154138271875e-01 -6.7147265642819920e-01 -3.8355176426338267e-01 -4.3704949271788557e-02 -1.7268535334266708e-01 2.1807917596797881e-16 -7.5207186651022981e-02 -1.6458945668814276e-01 4.7032763612229422e-01 2.8003773209833369e-15 -4.7627353035556631e-02 1.1099474742195029e-16 2.1746457605742003e-01 
-2.1830670800096140e-12 -2.4812074786894536e-12 6.0663493296351423e-01 2.6554853093698971e-01 -3.1294522914739969e-02 -4.3190830622223349e-02 3.6594306739756996e-14 -2.2930942459709931e-13 -1.5175112752755497e-13 -4.2505120441015794e-13 -3.2432247326190917e-14 -3.0759323699742947e-13 1.6114023969138691e-01 4.4646806227336078e-01 -1.5629665273405622e-15 -2.7097063669875613e-15 1.5365364830414125e-14 2.7293980304933379e-15 -7.4596903744472486e-17 5.0552509982892409e-02 2.2543228093823781e-16 -2.8284123494037992e-17 2.3026641376565300e-15 -3.3245204082338559e-01 -1.4370528049055945e-16 -4.6931164232323158e-01 -9.7201915898406710e-18 
4.7846042906341466e-02 -1.7501253267193533e-02 6.1091931123256192e-14 -3.1645777439459727e-13 1.3529763669388512e-13 2.1743824425187033e-13 -3.4409895632032800e-01 8.0609166012066691e-03 -2.3759125654774457e-01 -3.7155890053520474e-01 1.9479470370013066e-01 2.2602773005493664e-03 -4.3296759215097566e-14 -1.1788646522642874e-13 -3.3050850610362628e-02 -1.3380282295412840e-01 5.3886960973733955e-01 6.1403104227404234e-02 -3.8375712076964175e-01 1.4257935838039851e-16 -1.1095711786772565e-01 1.6448886275813621e-01 7.1019452610835282e-02 4.9033551470425291e-16 -1.7173247995985103e-02 1.1849589914926696e-16 -3.7597480569723712e-01 
5.6744859292254990e-01 -2.0756286073865818e-01 1.3576591899578719e-12 1.1456190915365907e-13 1.3399790361851879e-13 1.3838268833369847e-13 -1.2575136852309282e-01 2.9458714585199053e-03 1.8880689332847181e-01 2.9526710165127340e-01 4.0247815422668926e-01 4.6701076506196586e-03 2.9178003269032399e-15 1.1945220532101296e-13 -7.2280976718928046e-03 -2.9262177984121153e-02 -3.8010761827229874e-03 -4.3312495788785683e-04 -6.0403354419666037e-02 -5.9979040422862435e-16 3.8520508518669744e-01 1.2142813332404234e-01 2.9135634280526318e-02 7.2062683240375208e-16 -4.0629442522371689e-01 -9.9793821955475835e-17 2.5158969357562684e-02 
-4.4340751680568482e-13 3.9974200072930886e-13 7.3158386706455664e-02 3.2024370935681175e-02 4.7662463804422056e-01 6.5780884623476932e-01 1.7973525446573781e-13 4.8348266378275579e-13 4.8940419441339092e-14 2.8981374774636843e-13 1.2946894274203800e-14 4.2183486752152197e-14 -6.8357009123801516e-03 -1.8939540778066803e-02 -3.3576218194968803e-16 1.5938607959781603e-14 1.3631729428800817e-15 1.0928184529239616e-15 1.9042223777500523e-16 -5.7510440833740972e-01 1.5382508198586945e-16 1.2365283434750389e-16 3.1124615291995502e-16 -3.3904112392601667e-02 2.3880796928634558e-17 -3.7931042789252099e-02 -2.0671451189333003e-18 
-1.4751828793149202e-12 -1.9575992962428896e-12 4.3140005252507269e-01 1.8884116948979190e-01 -3.6821364949528958e-02 -5.0818647759653571e-02 8.6925162458743520e-14 -6.8595995685793402e-15 -1.6588376003370579e-13 -2.9576182949420193e-14 -1.0031274184373730e-13 4.4269504768323648e-13 -2.2543624898236542e-01 -6.2461173845970308e-01 -4.0237918177935769e-15 -2.0906255285845025e-14 -5.2549412025400674e-15 -2.8486830006740791e-17 -8.4672869450857170e-16 5.7180922202942300e-03 -7.5725479876974632e-16 -5.2424563075307905e-16 3.2528357014078258e-15 -4.7080726953666585e-01 -4.0064637229304813e-16 3.3412744829798796e-01 4.0864596075642238e-17 
1.3608659851030180e-01 -4.9778119194339457e-02 2.6509407484038647e-13 -2.9459318795888509e-13 1.5230747955655494e-13 2.3359234619206371e-13 -3.4830321523417213e-01 8.1594062358604502e-03 -2.0922613073280286e-01 -3.2719988196488820e-01 3.7111540469914918e-02 4.3061936952216518e-04 -4.8256375971297905e-14 -7.4230358716673722e-14 9.5254050865582723e-02 3.8562580594060392e-01 -4.5994281305883034e-01 -5.2409555073388736e-02 -2.7254650626021049e-01 -1.9102596639587774e-16 -8.3965229580245854e-02 2.6243254487002649e-01 -1.9204898129649287e-01 -1.6527306866825908e-15 4.9058039597236543e-02 2.5271360330230059e-17 3.7926406685464065e-01 
4.8753681567619833e-01 -1.7833251758729660e-01 8.1965482364856601e-13 -3.2704368094270946e-14 2.0689581360624705e-13 2.5221745167730681e-13 1.6782021181025292e-01 -3.9313828373647441e-03 -1.0722573889392092e-01 -1.6768579042535187e-01 -5.6036805237858101e-01 -6.5021644056601031e-03 -1.8094439291849001e-14 8.4465592011062446e-14 -2.4224998274316845e-02 -9.8072306621611316e-02 7.1076134509231725e-02 8.0989820477496213e-03 -5.5238166847294330e-02 -3.0390876872764789e-17 3.7999602319654491e-01 9.2218408602082441e-02 1.1892156797920313e-01 1.4695513415093758e-15 4.0386700272312470e-01 -1.4419888894057209e-16 -1.1400460832894579e-02 
-8.2907513093486887e-02 3.0326131404796969e-02 8.0566996407870284e-14 -3.1277659540194762e-14 -4.9704302387651936e-14 -3.5944159531346873e-14 -6.0403501778060908e-01 1.4150219909245032e-02 2.0259326908590028e-01 3.1682703063654832e-01 -3.8459395501082222e-01 -4.4625904605102781e-03 1.8740824087323981e-14 5.2434056220396667e-14 -4.7441750531128776e-03 -1.9206283740763913e-02 6.3367614232754874e-02 7.2206117232632549e-03 -2.7433949033341848e-01 -2.4895837794024345e-16 1.2464202873235590e-01 -4.3251264843279130e-01 -2.3496265586519124e-01 -1.7253451271848075e-15 1.3403022937885676e-02 7.6699415709028133e-17 9.0144506746655632e-03 
