0.17355114921467474000 0.00062905384657189394 -0.06863323831374662500 0.11147244698433371000 0.00595412011021944060 0.00008752255311339195 0.02282332449137787500 0.00088078068925044649 0.00609937666309233110 
0.00062905384657189394 0.08396498354281979600 -0.00127420681653672010 0.00133790594684462060 -0.01283972664814386600 0.00788098416821975300 0.00651241271334797920 0.00316387904737192240 -0.00489684623962125500 
-0.06863323831374662500 -0.00127420681653672010 0.08682831494752840700 -0.01475098005225681000 -0.00213967504857079640 -0.00048967464590181559 -0.03162427233045579000 0.00138055863992783430 0.00154064470864670480 
0.11147244698433371000 0.00133790594684462060 -0.01475098005225681000 0.38642379982520625000 -0.01170406623232602900 -0.00269305057684329170 0.00819146833297068960 -0.03740514147684725900 0.01977221140645837200 
0.00595412011021944060 -0.01283972664814386600 -0.00213967504857079640 -0.01170406623232602900 0.07310678681764729000 -0.00712029827734291570 -0.00177795560379830730 0.00039707350114378561 0.00471067560054706270 
0.00008752255311339195 0.00788098416821975300 -0.00048967464590181559 -0.00269305057684329170 -0.00712029827734291570 0.04256718456103175700 0.00023919000259829465 -0.00227695003824322180 -0.00217574438932267160 
0.02282332449137787500 0.00651241271334797920 -0.03162427233045579000 0.00819146833297068960 -0.00177795560379830730 0.00023919000259829465 0.19357811535782360000 0.00248631181992984470 -0.03317322019614486700 
0.00088078068925044649 0.00316387904737192240 0.00138055863992783430 -0.03740514147684725900 0.00039707350114378561 -0.00227695003824322180 0.00248631181992984470 0.04659840037808459000 -0.01683110803232265900 
0.00609937666309233110 -0.00489684623962125500 0.00154064470864670480 0.01977221140645837200 0.00471067560054706270 -0.00217574438932267160 -0.03317322019614486700 -0.01683110803232265900 0.13149573520617444000 
