3.84282719410922740e-01 -1.95061146347026040e-18 -5.17716170910342940e-01 7.44847365488953830e-02 4.87652865867565110e-19 6.50203821156753480e-19 5.01083715423220060e-01 -4.28859709548751470e-02 -9.63410198922282080e-03 3.78935365998225970e-01 1.30040764231350700e-18 -5.15844661540273200e-01 7.43080968047085540e-02 1.62550955289188370e-19 -3.25101910578376740e-18 5.00735618029717780e-01 -4.29925024349168540e-02 -9.39171670448496480e-03 3.78935365998225970e-01 -6.50203821156753480e-19 -5.15844661540273310e-01 7.43080968047085540e-02 9.75305731735130220e-19 2.92591719520539070e-18 5.00735618029717890e-01 -4.29925024349168470e-02 -9.39171670448496480e-03 
-1.95061146347026040e-18 1.13642818580776070e+00 0.00000000000000000e+00 2.84464171756079650e-18 9.01147598793046730e-02 -7.38234393917574280e-01 3.25101910578376740e-19 -1.93029259405911190e-18 -6.50203821156753480e-18 8.12754776445941850e-18 1.13582248208908480e+00 6.50203821156753480e-18 0.00000000000000000e+00 9.01409028632752380e-02 -7.37609659711578100e-01 1.23538726019783160e-17 -8.12754776445941850e-19 -7.80244585388104180e-18 5.52673247983240460e-18 1.13582248208908480e+00 -1.04032611385080560e-17 3.00719267284998490e-18 9.01409028632752520e-02 -7.37609659711577990e-01 -6.50203821156753480e-18 -1.62550955289188370e-19 5.20163056925402790e-18 
-5.17716170910342940e-01 0.00000000000000000e+00 9.33484667632598080e-01 -4.61928362810657270e-02 -3.25101910578376740e-19 -5.85183439041078130e-18 -9.18056724442232300e-01 1.58386418583612890e-02 -3.08265962890298500e-02 -5.15844661540273200e-01 -3.90122292694052090e-18 9.29362267257238030e-01 -4.62349294465031200e-02 1.62550955289188370e-19 -2.60081528462701390e-18 -9.14700845324369570e-01 1.53837934768995530e-02 -3.11469280023851170e-02 -5.15844661540273200e-01 7.80244585388104180e-18 9.29362267257237920e-01 -4.62349294465031200e-02 -1.62550955289188370e-19 -8.45264967503779530e-18 -9.14700845324369460e-01 1.53837934768995610e-02 -3.11469280023851240e-02 
7.44847365488953830e-02 2.84464171756079650e-18 -4.61928362810657270e-02 3.56715220061024960e-01 -3.25101910578376740e-19 2.92591719520539070e-18 2.16197074722067030e-02 -3.21079079640608000e-01 -1.30991436103442360e-02 7.43080968047085680e-02 -2.43826432933782560e-18 -4.62349294465031200e-02 3.56273706005966810e-01 -6.50203821156753480e-19 -2.11316241875944880e-18 2.17216759847317540e-02 -3.20732164050153650e-01 -1.29809931221460550e-02 7.43080968047085680e-02 1.95061146347026040e-18 -4.62349294465031200e-02 3.56273706005966860e-01 -3.25101910578376740e-19 3.90122292694052090e-18 2.17216759847317500e-02 -3.20732164050153590e-01 -1.29809931221460500e-02 
4.87652865867565110e-19 9.01147598793046730e-02 -3.25101910578376740e-19 -3.25101910578376740e-19 3.47066787590796230e-02 -5.88935814523218190e-02 1.62550955289188370e-19 3.25101910578376740e-19 1.13785668702431860e-18 -9.75305731735130220e-19 9.01409028632752380e-02 -6.50203821156753480e-19 6.50203821156753480e-19 3.44381969049900520e-02 -5.89116552716096310e-02 3.25101910578376740e-19 8.12754776445941850e-19 1.62550955289188370e-19 -3.25101910578376740e-19 9.01409028632752660e-02 -4.87652865867565110e-19 0.00000000000000000e+00 3.44381969049900590e-02 -5.89116552716096170e-02 -1.62550955289188370e-19 -3.25101910578376740e-19 -1.30040764231350700e-18 
6.50203821156753480e-19 -7.38234393917574280e-01 -5.85183439041078130e-18 2.92591719520539070e-18 -5.88935814523218190e-02 6.26271498627087860e-01 -8.77775158561617200e-18 3.25101910578376740e-19 -3.90122292694052090e-18 -2.60081528462701390e-18 -7.37609659711578100e-01 1.95061146347026040e-18 -3.25101910578376740e-19 -5.89116552716096170e-02 6.25237782299855720e-01 4.55142674809727440e-18 3.25101910578376740e-19 -3.25101910578376740e-18 1.62550955289188370e-18 -7.37609659711578100e-01 6.50203821156753480e-18 -9.75305731735130220e-19 -5.89116552716096100e-02 6.25237782299855600e-01 3.25101910578376740e-18 1.62550955289188370e-18 -5.20163056925402790e-18 
5.01083715423220060e-01 3.25101910578376740e-19 -9.18056724442232300e-01 2.16197074722067030e-02 1.62550955289188370e-19 -8.77775158561617200e-18 9.63386692326306470e-01 6.51376019938757710e-03 2.54613770376153800e-02 5.00735618029717780e-01 -3.25101910578376740e-17 -9.14700845324369570e-01 2.17216759847317540e-02 1.62550955289188370e-19 -3.25101910578376740e-19 9.59361876928413680e-01 7.21150667418766440e-03 2.59140977421507680e-02 5.00735618029717890e-01 -7.15224203272428830e-18 -9.14700845324369570e-01 2.17216759847317470e-02 3.25101910578376740e-19 -3.25101910578376740e-19 9.59361876928413460e-01 7.21150667418765920e-03 2.59140977421507680e-02 
-4.28859709548751470e-02 -1.93029259405911190e-18 1.58386418583612890e-02 -3.21079079640608000e-01 3.25101910578376740e-19 3.25101910578376740e-19 6.51376019938757710e-03 3.52314328883217790e-01 2.54347149896164660e-03 -4.29925024349168610e-02 -3.00719267284998490e-18 1.53837934768995580e-02 -3.20732164050153650e-01 1.62550955289188370e-18 -9.75305731735130220e-19 7.21150667418766440e-03 3.51572077466141440e-01 2.24443574263669860e-03 -4.29925024349168540e-02 -1.06674064408529870e-17 1.53837934768995530e-02 -3.20732164050153590e-01 6.50203821156753480e-19 -2.60081528462701390e-18 7.21150667418766700e-03 3.51572077466141440e-01 2.24443574263670640e-03 
-9.63410198922282080e-03 -6.50203821156753480e-18 -3.08265962890298500e-02 -1.30991436103442360e-02 1.13785668702431860e-18 -3.90122292694052090e-18 2.54613770376153800e-02 2.54347149896164660e-03 4.72640842955071100e-02 -9.39171670448496300e-03 5.85183439041078130e-18 -3.11469280023851170e-02 -1.29809931221460500e-02 1.05658120937972440e-18 1.30040764231350700e-18 2.59140977421507680e-02 2.24443574263670290e-03 4.66675421548888790e-02 -9.39171670448496300e-03 -3.25101910578376740e-18 -3.11469280023851140e-02 -1.29809931221460530e-02 -3.25101910578376740e-19 -4.55142674809727440e-18 2.59140977421507720e-02 2.24443574263670120e-03 4.66675421548888790e-02 
3.78935365998225970e-01 8.12754776445941850e-18 -5.15844661540273200e-01 7.43080968047085680e-02 -9.75305731735130220e-19 -2.60081528462701390e-18 5.00735618029717780e-01 -4.29925024349168610e-02 -9.39171670448496300e-03 3.84282719410922620e-01 0.00000000000000000e+00 -5.17716170910342830e-01 7.44847365488953690e-02 1.62550955289188370e-19 -6.50203821156753480e-19 5.01083715423219940e-01 -4.28859709548751400e-02 -9.63410198922282080e-03 3.78935365998225970e-01 -5.20163056925402790e-18 -5.15844661540273200e-01 7.43080968047085680e-02 1.13785668702431860e-18 3.90122292694052090e-18 5.00735618029717780e-01 -4.29925024349168540e-02 -9.39171670448496480e-03 
1.30040764231350700e-18 1.13582248208908480e+00 -3.90122292694052090e-18 -2.43826432933782560e-18 9.01409028632752380e-02 -7.37609659711578100e-01 -3.25101910578376740e-17 -3.00719267284998490e-18 5.85183439041078130e-18 0.00000000000000000e+00 1.13642818580776070e+00 -9.10285349619454880e-18 -6.50203821156753480e-19 9.01147598793046870e-02 -7.38234393917574280e-01 8.45264967503779530e-18 -2.76336623991620230e-18 -6.50203821156753480e-18 -2.92591719520539070e-18 1.13582248208908480e+00 1.95061146347026040e-18 2.68209076227160810e-18 9.01409028632752520e-02 -7.37609659711578100e-01 -4.22632483751889760e-18 -7.23351751036888250e-18 1.30040764231350700e-18 
-5.15844661540273200e-01 6.50203821156753480e-18 9.29362267257238030e-01 -4.62349294465031200e-02 -6.50203821156753480e-19 1.95061146347026040e-18 -9.14700845324369570e-01 1.53837934768995580e-02 -3.11469280023851170e-02 -5.17716170910342830e-01 -9.10285349619454880e-18 9.33484667632598080e-01 -4.61928362810657200e-02 9.75305731735130220e-19 0.00000000000000000e+00 -9.18056724442232520e-01 1.58386418583612780e-02 -3.08265962890298530e-02 -5.15844661540273310e-01 -7.80244585388104180e-18 9.29362267257238030e-01 -4.62349294465031200e-02 3.25101910578376740e-19 -3.90122292694052090e-18 -9.14700845324369790e-01 1.53837934768995610e-02 -3.11469280023851140e-02 
7.43080968047085540e-02 0.00000000000000000e+00 -4.62349294465031200e-02 3.56273706005966810e-01 6.50203821156753480e-19 -3.25101910578376740e-19 2.17216759847317540e-02 -3.20732164050153650e-01 -1.29809931221460500e-02 7.44847365488953690e-02 -6.50203821156753480e-19 -4.61928362810657200e-02 3.56715220061024910e-01 0.00000000000000000e+00 -1.46295859760269530e-18 2.16197074722066960e-02 -3.21079079640607950e-01 -1.30991436103442390e-02 7.43080968047085820e-02 8.00563454799252650e-18 -4.62349294465031130e-02 3.56273706005966860e-01 -9.75305731735130220e-19 1.62550955289188370e-18 2.17216759847317500e-02 -3.20732164050153590e-01 -1.29809931221460530e-02 
1.62550955289188370e-19 9.01409028632752380e-02 1.62550955289188370e-19 -6.50203821156753480e-19 3.44381969049900520e-02 -5.89116552716096170e-02 1.62550955289188370e-19 1.62550955289188370e-18 1.05658120937972440e-18 1.62550955289188370e-19 9.01147598793046870e-02 9.75305731735130220e-19 0.00000000000000000e+00 3.47066787590796300e-02 -5.88935814523218190e-02 3.25101910578376740e-19 -9.75305731735130220e-19 6.50203821156753480e-19 -6.50203821156753480e-19 9.01409028632752520e-02 -1.62550955289188370e-19 3.25101910578376740e-19 3.44381969049900520e-02 -5.89116552716096170e-02 -3.25101910578376740e-19 3.25101910578376740e-19 4.87652865867565110e-19 
-3.25101910578376740e-18 -7.37609659711578100e-01 -2.60081528462701390e-18 -2.11316241875944880e-18 -5.89116552716096310e-02 6.25237782299855720e-01 -3.25101910578376740e-19 -9.75305731735130220e-19 1.30040764231350700e-18 -6.50203821156753480e-19 -7.38234393917574280e-01 0.00000000000000000e+00 -1.46295859760269530e-18 -5.88935814523218190e-02 6.26271498627087750e-01 1.95061146347026040e-18 3.25101910578376740e-19 -2.60081528462701390e-18 1.95061146347026040e-18 -7.37609659711578100e-01 -4.55142674809727440e-18 -1.30040764231350700e-18 -5.89116552716096170e-02 6.25237782299855720e-01 9.75305731735130220e-19 3.25101910578376740e-19 0.00000000000000000e+00 
5.00735618029717780e-01 1.23538726019783160e-17 -9.14700845324369570e-01 2.17216759847317540e-02 3.25101910578376740e-19 4.55142674809727440e-18 9.59361876928413680e-01 7.21150667418766440e-03 2.59140977421507680e-02 5.01083715423219940e-01 8.45264967503779530e-18 -9.18056724442232520e-01 2.16197074722066960e-02 3.25101910578376740e-19 1.95061146347026040e-18 9.63386692326306360e-01 6.51376019938758060e-03 2.54613770376153800e-02 5.00735618029717890e-01 1.30040764231350700e-17 -9.14700845324369570e-01 2.17216759847317540e-02 -3.25101910578376740e-19 1.95061146347026040e-18 9.59361876928413680e-01 7.21150667418766180e-03 2.59140977421507680e-02 
-4.29925024349168540e-02 -8.12754776445941850e-19 1.53837934768995530e-02 -3.20732164050153650e-01 8.12754776445941850e-19 3.25101910578376740e-19 7.21150667418766440e-03 3.51572077466141440e-01 2.24443574263670290e-03 -4.28859709548751400e-02 -2.76336623991620230e-18 1.58386418583612780e-02 -3.21079079640607950e-01 -9.75305731735130220e-19 3.25101910578376740e-19 6.51376019938758060e-03 3.52314328883217840e-01 2.54347149896164920e-03 -4.29925024349168540e-02 -7.23351751036888250e-18 1.53837934768995510e-02 -3.20732164050153590e-01 1.13785668702431860e-18 -1.62550955289188370e-18 7.21150667418766440e-03 3.51572077466141440e-01 2.24443574263670120e-03 
-9.39171670448496480e-03 -7.80244585388104180e-18 -3.11469280023851170e-02 -1.29809931221460550e-02 1.62550955289188370e-19 -3.25101910578376740e-18 2.59140977421507680e-02 2.24443574263669860e-03 4.66675421548888790e-02 -9.63410198922282080e-03 -6.50203821156753480e-18 -3.08265962890298530e-02 -1.30991436103442390e-02 6.50203821156753480e-19 -2.60081528462701390e-18 2.54613770376153800e-02 2.54347149896164920e-03 4.72640842955071170e-02 -9.39171670448496300e-03 7.80244585388104180e-18 -3.11469280023851140e-02 -1.29809931221460500e-02 8.94030254090536040e-19 1.95061146347026040e-18 2.59140977421507620e-02 2.24443574263669900e-03 4.66675421548888860e-02 
3.78935365998225970e-01 5.52673247983240460e-18 -5.15844661540273200e-01 7.43080968047085680e-02 -3.25101910578376740e-19 1.62550955289188370e-18 5.00735618029717890e-01 -4.29925024349168540e-02 -9.39171670448496300e-03 3.78935365998225970e-01 -2.92591719520539070e-18 -5.15844661540273310e-01 7.43080968047085820e-02 -6.50203821156753480e-19 1.95061146347026040e-18 5.00735618029717890e-01 -4.29925024349168540e-02 -9.39171670448496300e-03 3.84282719410922740e-01 -1.56048917077620840e-17 -5.17716170910342940e-01 7.44847365488953690e-02 4.87652865867565110e-19 3.90122292694052090e-18 5.01083715423220060e-01 -4.28859709548751330e-02 -9.63410198922282430e-03 
-6.50203821156753480e-19 1.13582248208908480e+00 7.80244585388104180e-18 1.95061146347026040e-18 9.01409028632752660e-02 -7.37609659711578100e-01 -7.15224203272428830e-18 -1.06674064408529870e-17 -3.25101910578376740e-18 -5.20163056925402790e-18 1.13582248208908480e+00 -7.80244585388104180e-18 8.00563454799252650e-18 9.01409028632752520e-02 -7.37609659711578100e-01 1.30040764231350700e-17 -7.23351751036888250e-18 7.80244585388104180e-18 -1.56048917077620840e-17 1.13642818580776070e+00 0.00000000000000000e+00 9.91560827264049060e-18 9.01147598793046870e-02 -7.38234393917574280e-01 -1.95061146347026040e-18 -3.33229458342836160e-18 6.50203821156753480e-19 
-5.15844661540273310e-01 -1.04032611385080560e-17 9.29362267257237920e-01 -4.62349294465031200e-02 -4.87652865867565110e-19 6.50203821156753480e-18 -9.14700845324369570e-01 1.53837934768995530e-02 -3.11469280023851140e-02 -5.15844661540273200e-01 1.95061146347026040e-18 9.29362267257238030e-01 -4.62349294465031130e-02 -1.62550955289188370e-19 -4.55142674809727440e-18 -9.14700845324369570e-01 1.53837934768995510e-02 -3.11469280023851140e-02 -5.17716170910342940e-01 0.00000000000000000e+00 9.33484667632597960e-01 -4.61928362810657270e-02 1.62550955289188370e-19 0.00000000000000000e+00 -9.18056724442232300e-01 1.58386418583612850e-02 -3.08265962890298500e-02 
7.43080968047085540e-02 3.00719267284998490e-18 -4.62349294465031200e-02 3.56273706005966860e-01 0.00000000000000000e+00 -9.75305731735130220e-19 2.17216759847317470e-02 -3.20732164050153590e-01 -1.29809931221460530e-02 7.43080968047085680e-02 2.68209076227160810e-18 -4.62349294465031200e-02 3.56273706005966860e-01 3.25101910578376740e-19 -1.30040764231350700e-18 2.17216759847317540e-02 -3.20732164050153590e-01 -1.29809931221460500e-02 7.44847365488953690e-02 9.91560827264049060e-18 -4.61928362810657270e-02 3.56715220061024850e-01 -3.25101910578376740e-19 -1.95061146347026040e-18 2.16197074722066960e-02 -3.21079079640607890e-01 -1.30991436103442310e-02 
9.75305731735130220e-19 9.01409028632752520e-02 -1.62550955289188370e-19 -3.25101910578376740e-19 3.44381969049900590e-02 -5.89116552716096100e-02 3.25101910578376740e-19 6.50203821156753480e-19 -3.25101910578376740e-19 1.13785668702431860e-18 9.01409028632752520e-02 3.25101910578376740e-19 -9.75305731735130220e-19 3.44381969049900520e-02 -5.89116552716096170e-02 -3.25101910578376740e-19 1.13785668702431860e-18 8.94030254090536040e-19 4.87652865867565110e-19 9.01147598793046870e-02 1.62550955289188370e-19 -3.25101910578376740e-19 3.47066787590796300e-02 -5.88935814523218260e-02 9.75305731735130220e-19 1.62550955289188370e-19 1.62550955289188370e-19 
2.92591719520539070e-18 -7.37609659711577990e-01 -8.45264967503779530e-18 3.90122292694052090e-18 -5.89116552716096170e-02 6.25237782299855600e-01 -3.25101910578376740e-19 -2.60081528462701390e-18 -4.55142674809727440e-18 3.90122292694052090e-18 -7.37609659711578100e-01 -3.90122292694052090e-18 1.62550955289188370e-18 -5.89116552716096170e-02 6.25237782299855720e-01 1.95061146347026040e-18 -1.62550955289188370e-18 1.95061146347026040e-18 3.90122292694052090e-18 -7.38234393917574280e-01 0.00000000000000000e+00 -1.95061146347026040e-18 -5.88935814523218260e-02 6.26271498627087860e-01 4.22632483751889760e-18 1.30040764231350700e-18 1.95061146347026040e-18 
5.00735618029717890e-01 -6.50203821156753480e-18 -9.14700845324369460e-01 2.17216759847317500e-02 -1.62550955289188370e-19 3.25101910578376740e-18 9.59361876928413460e-01 7.21150667418766700e-03 2.59140977421507720e-02 5.00735618029717780e-01 -4.22632483751889760e-18 -9.14700845324369790e-01 2.17216759847317500e-02 -3.25101910578376740e-19 9.75305731735130220e-19 9.59361876928413680e-01 7.21150667418766440e-03 2.59140977421507620e-02 5.01083715423220060e-01 -1.95061146347026040e-18 -9.18056724442232300e-01 2.16197074722066960e-02 9.75305731735130220e-19 4.22632483751889760e-18 9.63386692326306470e-01 6.51376019938758500e-03 2.54613770376153800e-02 
-4.29925024349168470e-02 -1.62550955289188370e-19 1.53837934768995610e-02 -3.20732164050153590e-01 -3.25101910578376740e-19 1.62550955289188370e-18 7.21150667418765920e-03 3.51572077466141440e-01 2.24443574263670120e-03 -4.29925024349168540e-02 -7.23351751036888250e-18 1.53837934768995610e-02 -3.20732164050153590e-01 3.25101910578376740e-19 3.25101910578376740e-19 7.21150667418766180e-03 3.51572077466141440e-01 2.24443574263669900e-03 -4.28859709548751330e-02 -3.33229458342836160e-18 1.58386418583612850e-02 -3.21079079640607890e-01 1.62550955289188370e-19 1.30040764231350700e-18 6.51376019938758500e-03 3.52314328883217790e-01 2.54347149896164830e-03 
-9.39171670448496480e-03 5.20163056925402790e-18 -3.11469280023851240e-02 -1.29809931221460500e-02 -1.30040764231350700e-18 -5.20163056925402790e-18 2.59140977421507680e-02 2.24443574263670640e-03 4.66675421548888790e-02 -9.39171670448496480e-03 1.30040764231350700e-18 -3.11469280023851140e-02 -1.29809931221460530e-02 4.87652865867565110e-19 0.00000000000000000e+00 2.59140977421507680e-02 2.24443574263670120e-03 4.66675421548888860e-02 -9.63410198922282430e-03 6.50203821156753480e-19 -3.08265962890298500e-02 -1.30991436103442310e-02 1.62550955289188370e-19 1.95061146347026040e-18 2.54613770376153800e-02 2.54347149896164830e-03 4.72640842955071100e-02 
