-2.9909980571248712e-01 -1.0502156619428955e-15 1.3026266837387676e-01 2.8507730137402265e-01 8.1463136196758013e-01 -1.3319290249176549e-14 -8.2492995287603302e-02 2.4090464052859556e-17 3.7665969457787796e-01 
5.9335101840232108e-16 -8.7559515740502941e-02 -1.1556361878006407e-16 2.3280816712778960e-16 -9.3251603713561199e-15 -5.7582382578606639e-01 1.7070826790740971e-16 -8.1287160908742928e-01 3.3756474388712591e-19 
-6.6468683093937253e-01 -1.7494674984991932e-15 1.9218336560829410e-01 -2.8490306757631473e-01 1.2300930024769516e-01 -2.7027790801850623e-15 -2.9744938060026191e-02 7.9259837489900273e-17 -6.5120746583345179e-01 
-1.0462167880243482e-01 3.0812011361452168e-15 -6.6719477887725731e-01 -2.1031969638549419e-01 5.0464398884617546e-02 -1.3807199490103654e-15 -7.0372258731947135e-01 -1.0172188070166344e-16 4.3576613193367107e-02 
-1.1720786766257752e-15 9.9611005489723348e-01 4.7845546061150470e-15 5.5911537239116150e-16 -9.6416693123983120e-16 -5.8723645249511833e-02 -8.7519937176724964e-19 -6.5698493295053506e-02 6.7268412899129918e-19 
7.5711352121329100e-16 -9.9040262479121732e-03 3.3730188213936547e-16 4.1426702312797782e-16 -1.3203784393839481e-14 -8.1546211141027758e-01 1.8209663576772762e-16 5.7872571665545769e-01 -4.8539858450619432e-18 
-4.7206439626807412e-01 -1.2459613771314065e-15 1.4543204370216120e-01 -4.5454650127448165e-01 -3.3263859314737204e-01 4.8078802893973815e-15 8.4971017102139682e-02 6.1948178113916882e-17 6.5690463327743653e-01 
-9.5675311496467103e-02 3.1087424281309275e-15 -6.5817241885053523e-01 -1.5972696909196196e-01 2.0597819785573618e-01 -3.7331942006139604e-15 6.9951816821700963e-01 5.6519120438490444e-17 -1.9746177392272277e-02 
-4.7516993578003186e-01 4.3517876584655408e-17 -2.1588632652292167e-01 7.4913388200177389e-01 -4.0696725783983367e-01 6.4452857793887403e-15 2.3214716703429044e-02 1.5432940298973352e-18 1.5613486570844236e-02 
