70.481241047052492 4.432993464775766 77.214180573168392 -21.784262942452280 11.762318396845696 -15.722202267765903 -9.514197863539449 -20.591254566035502 -38.389302803980506 -109.943333141037900 -12.301964054875160 -165.781198456597110 42.348051712860325 -26.367849291836144 36.193414913354303 -8.952623301451467 74.488722891500032 61.597757604011775 48.210646505347064 7.492363269024957 89.811788911837994 -30.284604794047087 14.195849396613090 -20.277340034280094 19.812899237287915 -62.235189016765034 -20.717433359177779 
4.432993464775766 565.646078328424210 29.722512256225055 13.350524997262227 76.774805301970858 116.492580359604660 0.332179089289454 13.214637247805143 6.908390517303857 -9.922720822315284 -994.838768239146020 -76.676210311557497 -26.188719229477851 -152.039964759593660 -68.903026102483238 -13.723185525987645 -19.193270095572458 -4.735948668917569 2.113878595965645 443.757286083391190 41.309682550300941 10.819586401104296 57.450206744002664 -57.931146744910123 13.644334676611928 5.303610686281836 -2.810778417199408 
77.214180573168392 29.722512256225055 619.844281502025640 8.805404847245457 49.427541609379830 -43.868286471566854 249.795899550400460 96.410857683481936 100.663308651154650 -154.560277587404640 -29.982392270361110 -1133.129137280816200 -30.948258181557271 -82.967433913844346 117.109721293235960 -500.342108441116240 -119.587110923882820 -160.983242110880890 67.235158659335212 8.148421303837640 506.466808076736920 19.432767147470212 37.163483424156340 -70.386894395469540 250.276838136328730 13.925527133819742 57.886078639800786 
-21.784262942452280 13.350524997262227 8.805404847245457 101.242285359903600 28.341228678379103 11.175755294730088 71.388969365185318 189.378800082149890 13.656247645570282 44.210675286153787 -15.637251902976908 43.121466360867380 -170.343172781462130 -50.712741309495492 -35.219682319904834 -71.613065444410381 -305.109435324842880 -4.707009276003006 -35.352623654780061 4.222048626330430 -54.813072214162972 70.807055022397336 22.549442523833161 24.155295207183293 5.136756094797410 118.839668565110780 -6.192967888725923 
11.762318396845696 76.774805301970858 49.427541609379830 28.341228678379103 883.527363602017890 -259.936795018649720 35.686204149814465 91.811481476452215 16.626581957406671 -17.983600431228737 150.482857798562720 -91.046840432552330 -54.722652457553593 -1514.370101406677100 667.032142895404720 -29.505056224439755 -155.976016584965750 -18.805037786208608 3.704489560242907 -200.879299361156570 36.526043998885029 23.859654561509277 622.466044860810260 -416.611615068194850 -2.133728762792366 54.522414258824504 -0.744943278312633 
-15.722202267765903 116.492580359604660 -43.868286471566854 11.175755294730088 -259.936795018649720 1596.270041825225700 -20.606498677403852 -14.331134407606669 8.082427606123908 13.893572241181772 -137.719551747315190 31.856891524558517 -28.692226338810563 199.079086752027310 -2858.633663843525000 7.300238141407078 59.464172776824512 35.422542271232174 -3.248991514409018 40.015454473045459 5.244801861409670 20.222441364188938 39.984708289105882 1285.678272427415800 11.297286704318793 -41.461023992258355 -41.346968201623504 
-9.514197863539449 0.332179089289454 249.795899550400460 71.388969365185318 35.686204149814465 -20.606498677403852 1096.290468668115900 158.828152317671250 347.522005644487990 22.888087295265784 7.863709667251527 -437.399673201437280 -151.916394395765910 -52.002354391593244 14.502025152926127 -1697.875410421289200 -391.205197538391190 -571.420992581439350 -23.143423452279023 -0.533112082311160 159.204547586961040 83.139377931280535 20.785922484573266 11.760813144571927 623.464899692416340 284.517196479074470 238.535826996337480 
-20.591254566035502 13.214637247805143 96.410857683481936 189.378800082149890 91.811481476452215 -14.331134407606669 158.828152317671250 883.733880630948530 12.112676631342907 56.608997852628391 3.947956833156423 95.053285735893155 -297.176163993850990 -124.884741446614340 3.383735637709842 -43.119055470328675 -1420.009051797510000 -64.801856994060415 -57.404994212165917 -16.210215905208436 -185.533083788664840 114.357742945022350 36.431574186521452 13.602144845683313 -88.560142633098039 549.999442777258080 47.489971793257666 
-38.389302803980506 6.908390517303857 100.663308651154650 13.656247645570282 16.626581957406671 8.082427606123908 347.522005644487990 12.112676631342907 412.660965971558710 62.396978737295512 0.114580187930052 -145.581434508185170 24.025643963848950 -29.574601359494554 3.013542877013450 -546.867518457584770 -140.275826009287410 -682.902500562977710 -28.480304924510712 -3.296641998556590 35.640991675698587 -26.791076437389904 13.515752002786972 -8.057740133032951 200.599018553825740 150.849599224069210 265.967006068029550 
-109.943333141037900 -9.922720822315284 -154.560277587404640 44.210675286153787 -17.983600431228737 13.893572241181772 22.888087295265784 56.608997852628391 62.396978737295512 213.371103911528110 23.813726587468587 395.252052775818360 -83.927784542761913 44.516862536396459 -46.174481827725366 30.365865249375148 -228.537937854697280 -150.789157985662540 -106.087945767415280 -13.589338784371893 -234.995730349050040 53.380062708952480 -27.073422641064351 31.369626295440440 -54.510975029474920 181.211814212035960 79.965959758919880 
-12.301964054875160 -994.838768239146020 -29.982392270361110 -15.637251902976908 150.482857798562720 -137.719551747315190 7.863709667251527 3.947956833156423 0.114580187930052 23.813726587468587 2352.827131908460600 94.543344820995202 33.673770877913128 -308.051723086525100 19.306820906024903 18.089597775831301 -23.421150269430825 -10.060583709160149 -6.912880751927929 -1332.503321398061400 -56.773668216686730 -14.526282056972752 190.059687128922950 130.033523087803220 -28.431406412926655 14.213606054300167 9.948074668528829 
-165.781198456597110 -76.676210311557497 -1133.129137280816200 43.121466360867380 -91.046840432552330 31.856891524558517 -437.399673201437280 95.053285735893155 -145.581434508185170 395.252052775818360 94.543344820995202 2724.279461826355100 -34.007343688457070 163.014612015809490 -190.945391088145900 1070.302214603870000 -506.351384040729040 177.106047316328220 -218.448190786580600 -36.568240830161201 -1542.894919436046200 12.385585721925452 -80.672203899512311 153.339891103714020 -630.680832811729370 430.051744580861740 -26.657433353043753 
42.348051712860325 -26.188719229477851 -30.948258181557271 -170.343172781462130 -54.722652457553593 -28.692226338810563 -151.916394395765910 -297.176163993850990 24.025643963848950 -83.927784542761913 33.673770877913128 -34.007343688457070 359.821449601434950 105.454437570762990 94.749265364942261 202.510813842621250 521.954669176241510 -108.204530344331990 64.792516849153955 -12.151570897359367 76.051652654382380 -187.634900690232570 -50.387393620407735 -64.738329333100921 -56.644111467333879 -231.518872638431080 79.157961376357719 
-26.367849291836144 -152.039964759593660 -82.967433913844346 -50.712741309495492 -1514.370101406677100 199.079086752027310 -52.002354391593244 -124.884741446614340 -29.574601359494554 44.516862536396459 -308.051723086525100 163.014612015809490 105.454437570762990 3210.066750357255400 -604.532609222115980 50.060280468751216 217.248978999067960 1.542638599370775 -13.561999706412713 404.869440360683650 -68.892780115958459 -48.362594151720572 -1659.351759273766900 441.716667763355470 -4.482517341855120 -79.754743310760375 27.627911942142205 
36.193414913354303 -68.903026102483238 117.109721293235960 -35.219682319904834 667.032142895404720 -2858.633663843525000 14.502025152926127 3.383735637709842 3.013542877013450 -46.174481827725366 19.306820906024903 -190.945391088145900 94.749265364942261 -604.532609222115980 6171.197034622834500 34.771642484512483 -33.657327312525283 -76.530776668002687 20.700384843459428 25.451373740637678 83.294321013201852 -64.103353311106048 -51.464370655399989 -3341.079027910705500 -42.233575920144645 19.119695665886304 70.362447965587194 
-8.952623301451467 -13.723185525987645 -500.342108441116240 -71.613065444410381 -29.505056224439755 7.300238141407078 -1697.875410421289200 -43.119055470328675 -546.867518457584770 30.365865249375148 18.089597775831301 1070.302214603870000 202.510813842621250 50.060280468751216 34.771642484512483 2994.461424319310900 218.238283759515580 933.139839499031270 5.640264945194431 -20.528330889494374 -502.987931952759480 -135.231208887218090 -31.340500484325595 -48.157895956115027 -1301.715120617173900 -269.094515943683400 -412.076198826468780 
74.488722891500032 -19.193270095572458 -119.587110923882820 -305.109435324842880 -155.976016584965750 59.464172776824512 -391.205197538391190 -1420.009051797510000 -140.275826009287410 -228.537937854697280 -23.421150269430825 -506.351384040729040 521.954669176241510 217.248978999067960 -33.657327312525283 218.238283759515580 3005.458087153954200 505.816914315068970 195.367770931896500 40.207372961095643 628.645104529483090 -243.310576302912610 -64.917632699867411 -30.155087766847252 145.809985565567730 -1592.858327781011400 -341.498879493230900 
61.597757604011775 -4.735948668917569 -160.983242110880890 -4.707009276003006 -18.805037786208608 35.422542271232174 -571.420992581439350 -64.801856994060415 -682.902500562977710 -150.789157985662540 -10.060583709160149 177.106047316328220 -108.204530344331990 1.542638599370775 -76.530776668002687 933.139839499031270 505.816914315068970 1485.574941207411700 96.399176996502135 9.849476794315244 6.046292464136432 88.616286899917085 12.472936179005622 36.447887522542985 -359.296979055651040 -478.295016053986840 -763.274787796377150 
48.210646505347064 2.113878595965645 67.235158659335212 -35.352623654780061 3.704489560242907 -3.248991514409018 -23.143423452279023 -57.404994212165917 -28.480304924510712 -106.087945767415280 -6.912880751927929 -218.448190786580600 64.792516849153955 -13.561999706412713 20.700384843459428 5.640264945194431 195.367770931896500 96.399176996502135 66.457583135143437 4.418919889469032 153.990619152722300 -37.750799788888536 9.552714576606530 -17.089323797425738 18.660143557354022 -143.761116828420030 -62.920468996967990 
7.492363269024957 443.757286083391190 8.148421303837640 4.222048626330430 -200.879299361156570 40.015454473045459 -0.533112082311160 -16.210215905208436 -3.296641998556590 -13.589338784371893 -1332.503321398061400 -36.568240830161201 -12.151570897359367 404.869440360683650 25.451373740637678 -20.528330889494374 40.207372961095643 9.849476794315244 4.418919889469032 864.459091127462900 25.503096048045865 6.300984494132202 -217.480227611139610 -69.341133339002937 22.759211185046393 -19.128549936506218 -5.804863262538789 
89.811788911837994 41.309682550300941 506.466808076736920 -54.813072214162972 36.526043998885029 5.244801861409670 159.204547586961040 -185.533083788664840 35.640991675698587 -234.995730349050040 -56.773668216686730 -1542.894919436046200 76.051652654382380 -68.892780115958459 83.294321013201852 -502.987931952759480 628.645104529483090 6.046292464136432 153.990619152722300 25.503096048045865 1017.176519793035600 -41.665353597626556 37.034608077253715 -85.712841844584503 344.920002004045610 -457.032512001528740 -43.797852250187837 
-30.284604794047087 10.819586401104296 19.432767147470212 70.807055022397336 23.859654561509277 20.222441364188938 83.139377931280535 114.357742945022350 -26.791076437389904 53.380062708952480 -14.526282056972752 12.385585721925452 -187.634900690232570 -48.362594151720572 -64.103353311106048 -135.231208887218090 -243.310576302912610 88.616286899917085 -37.750799788888536 6.300984494132202 -41.665353597626556 119.123177352603950 24.853844384522056 43.052530132354676 52.133938328982083 136.980164162188860 -60.126034068902122 
14.195849396613090 57.450206744002664 37.163483424156340 22.549442523833161 622.466044860810260 39.984708289105882 20.785922484573266 36.431574186521452 13.515752002786972 -27.073422641064351 190.059687128922950 -80.672203899512311 -50.387393620407735 -1659.351759273766900 -51.464370655399989 -31.340500484325595 -64.917632699867411 12.472936179005622 9.552714576606530 -217.480227611139610 37.034608077253715 24.853844384522056 1025.200327885226400 -12.554756011436981 12.848768148568499 26.313446853820089 -23.309584427930581 
-20.277340034280094 -57.931146744910123 -70.386894395469540 24.155295207183293 -416.611615068194850 1285.678272427415800 11.760813144571927 13.602144845683313 -8.057740133032951 31.369626295440440 130.033523087803220 153.339891103714020 -64.738329333100921 441.716667763355470 -3341.079027910705500 -48.157895956115027 -30.155087766847252 36.447887522542985 -17.089323797425738 -69.341133339002937 -85.712841844584503 43.052530132354676 -12.554756011436981 2086.358722717903700 31.663781235537826 25.797376963268018 -26.994585103281771 
19.812899237287915 13.644334676611928 250.276838136328730 5.136756094797410 -2.133728762792366 11.297286704318793 623.464899692416340 -88.560142633098039 200.599018553825740 -54.510975029474920 -28.431406412926655 -630.680832811729370 -56.644111467333879 -4.482517341855120 -42.233575920144645 -1301.715120617173900 145.809985565567730 -359.296979055651040 18.660143557354022 22.759211185046393 344.920002004045610 52.133938328982083 12.848768148568499 31.663781235537826 670.442069181672420 -15.430586172673287 171.076652122606020 
-62.235189016765034 5.303610686281836 13.925527133819742 118.839668565110780 54.522414258824504 -41.461023992258355 284.517196479074470 549.999442777258080 150.849599224069210 181.211814212035960 14.213606054300167 430.051744580861740 -231.518872638431080 -79.754743310760375 19.119695665886304 -269.094515943683400 -1592.858327781011400 -478.295016053986840 -143.761116828420030 -19.128549936506218 -457.032512001528740 136.980164162188860 26.313446853820089 25.797376963268018 -15.430586172673287 1067.457042472663700 312.254090522873640 
-20.717433359177779 -2.810778417199408 57.886078639800786 -6.192967888725923 -0.744943278312633 -41.346968201623504 238.535826996337480 47.489971793257666 265.967006068029550 79.965959758919880 9.948074668528829 -26.657433353043753 79.157961376357719 27.627911942142205 70.362447965587194 -412.076198826468780 -341.498879493230900 -763.274787796377150 -62.920468996967990 -5.804863262538789 -43.797852250187837 -60.126034068902122 -23.309584427930581 -26.994585103281771 171.076652122606020 312.254090522873640 474.448497178052040 
