-0.0064975253264903032 0.0135857598087623240 0.0350188690027731160 -0.0159099767763323030 0.0111803981813105150 -0.0459467657054039090 0.0051354076554423886 0.0300899649409708090 0.1951024100544434000 -0.1901319776961477900 -0.0094502537316759651 -0.0196717922594508810 -0.0279044035861046240 -0.1714769787039661900 0.2228334000715293800 -0.3226147993601545800 0.0031315076122606861 0.5584674956461130900 -0.4022466226722507000 0.1284772209806887800 0.2950368283635122500 0.0105166791327105280 0.0073196658973775225 0.0800149049501613220 0.2888937220985347600 -0.0879437012835075080 0.2480019446990183200 
0.0051561407870101151 0.0186378268495021660 0.0165604123907412870 0.0403907648193124680 0.3543302836372752000 0.0613278277752070180 -0.0174651612350854340 -0.0671389103077632550 -0.0046102498870001151 0.0232302683961704870 -0.2024006448076466100 -0.0361933076304525450 0.7251198251876503900 -0.0381336094025107530 0.0378796684723082190 -0.0181670321734588580 0.0091924148117186483 0.0295497607487182480 0.0378401595322023150 0.0434440790921267820 -0.0189249863751247870 0.2984548510380782800 0.4397367634784821200 0.0462371527728015210 -0.0415786790656989670 -0.0278781464698065890 0.0043893602729883257 
-0.0284269140395648770 0.2049738716367592600 0.0659654897484529680 -0.0182354913548070480 0.0371213012483106520 -0.2745765443003025400 -0.0937027478985466150 0.0553205924199003380 0.1375827280468881500 0.0860952933660653340 0.0052527418172660630 -0.4983483177626166200 -0.0299212069683572370 -0.4352538389527502200 -0.2685910893637915000 0.0933253149812665610 -0.0649883169346666960 0.1358948057785792100 0.1351429893770545500 -0.3257775032709809300 0.2989752642503809600 0.0814384395938707460 -0.0386481155110556460 -0.0046339591536598591 -0.2154383129851235000 0.1466647571733181400 -0.0736715792417203530 
0.0030672731140622346 0.0158993879845990110 -0.0697301473362696290 0.0090187333115280717 0.0205405057273035300 -0.0446445127548224590 0.0776604480214012210 -0.0222482011909811460 -0.2903448472421176800 0.0976778109042335950 0.0451215472789008170 -0.0108372784937527980 -0.0058717104390440039 -0.1219956169596906500 0.0665515790403579110 -0.2903685356917371000 -0.6459587879349201200 -0.2187437109198684400 0.0334919711157361660 0.0376410761700106680 -0.0011007347725651726 0.0289200700552335360 -0.0463981858586417490 0.1005234149655724300 -0.1893069246435339400 0.0287585817939843000 0.5184481433934279300 
-0.1248717324462002800 0.0393805028712521380 -0.1021600055286350800 -0.3147426932984177000 0.1093706110973857700 0.0501116587701571500 -0.0065159198960960864 -0.0711300297246368340 -0.0935219606359860010 -0.0614664360633883360 -0.6714987331212105600 -0.0329482318684995170 -0.2345923494015480200 0.0027748291373994715 0.0073592018493553041 0.0215830854370188290 -0.0039761527401580227 -0.0380895935898959980 -0.0623414250827283580 -0.0215131385427329330 -0.0787626585522178960 0.4728480839785715300 -0.2975515555903329200 -0.0437847939395275420 0.0862206710086239750 -0.0060943650142600610 -0.0130281790578256640 
0.3638898243780158700 0.0343419122494572420 -0.0001163010816133207 -0.0815508885933202980 0.0831623889258885090 0.0034739633681468633 -0.0452692995136888330 -0.7005991208787604200 0.1024435663529232900 0.0431070111355031930 0.0728564944429622440 0.0064849835813748395 -0.0895510286589942530 -0.0319199716541556380 -0.0066348463211098668 -0.0179680174880614410 -0.0094030892203414325 -0.1135212029241955700 -0.3826359983480055500 -0.3725873816253965600 -0.1522607468594521200 -0.0385889863409647070 0.0978190299998470960 0.0179963560767108820 -0.0032274804674770454 -0.0052652532388336119 -0.0044104984235354182 
-0.0132787747787082090 0.3449963666575580600 -0.0934391449856368240 0.0800279693662670350 -0.0569825095083767230 0.1790582577529851400 0.2333600582139585800 -0.0490059644145946770 -0.0034868051122336169 -0.1930443231631552000 0.0287589747699712360 -0.3625779303040124700 0.0189982969740676540 0.4010800306910209400 -0.2171938731184069300 -0.3188435897552562300 0.0929799039055858310 0.0032389760610496464 -0.0075164726303868926 -0.0140354341139145580 0.0431112449576472600 0.0107600532326907630 -0.0163003753161197580 -0.2675075225046745800 -0.2065427750498621300 -0.4085095431557878600 0.0402526738722095090 
-0.0054376646835478763 0.0360217038905714170 -0.2867445262018130100 0.0525497841859876090 0.0624441259400906610 -0.2892646461804869700 0.1047847522951719100 -0.0789107028946031690 -0.3669953640388574100 -0.4977986487072606500 0.0980952350054914300 0.1335697923124294600 0.0383460987553977530 -0.1502782002145034700 -0.1382341580158320500 0.1382311737932050400 0.1859830086187400900 -0.3175573090425236600 -0.1727440277417991400 0.1164064716549076900 0.3784232084158804500 0.0322215690577674770 0.0146241983989124010 0.0959155641207342650 0.0399869075935251200 -0.0215231494211397600 -0.0463061057878644750 
-0.0059139632724277613 0.1412451805167335700 -0.0540343434219074940 0.0421882219695742730 -0.0327294130275054000 0.1407131796665293300 -0.2591330759276989100 -0.0436501488068382900 -0.2827182628923438600 -0.0420605072247471140 0.0972417119284591100 -0.3615114777522981900 -0.0138836545015556760 0.0902194746567594880 0.4746743130207182200 0.3258952067409615600 -0.1117026680013881900 -0.0084445711238820796 -0.0711044325346851940 0.0456394344687081550 0.0900726896578066540 -0.0046378985546318098 0.0894788864061275000 -0.4649084561357149100 0.1900980549364483200 0.1861449614487193600 0.0305272339215860720 
0.0097862590025570087 -0.0323487024996352710 -0.0916858960865268860 0.0384000358220908530 -0.0218465570844639590 0.0974755200819577840 -0.0235886586091711530 -0.0362935307229656780 -0.2801785914646919300 0.3514338229983818300 -0.0018298854360902989 0.0342181075036757510 0.0365603262597468390 0.2194694791220973000 -0.4927018162332136300 0.3474154824433705000 -0.1058849374728017400 0.2588721405855760600 -0.0490453637750334700 -0.1019839379030206800 0.1883538182985957400 -0.0067478260050906390 0.0184086501298137140 0.0995428121732067910 0.3827862012601174200 -0.1856119544872346400 0.2078663678121006300 
-0.0130504392919315120 -0.0132476742700386690 -0.0844052809207885700 -0.2576426739975675700 -0.7553540531556964800 -0.1297841377685036400 0.0048089371685550346 -0.0688939571110922240 0.0006646405308523692 0.0159070266461890410 0.0161993905242211950 0.0061122461404370214 -0.0349998896068642600 -0.0081342976814727658 0.0061439228041583723 -0.0052549253861105087 -0.0025197848703141538 0.0323172860585508520 0.0501644902763527250 0.0570877077488728610 -0.0185928589291844730 0.3121317866682472000 0.4711970274398769000 0.0513180323272924360 -0.0435349398240475400 -0.0301307838895739050 0.0023914893176603127 
0.0537604554523160030 -0.4427324291767997800 -0.3298095014287144600 0.0964418275560974260 -0.0782383924768386280 0.5366228822090255400 0.1742012722909648000 -0.0261929242890511850 -0.0056158325758448617 -0.1299871956771834500 0.0069141139623399434 0.0504842525882853440 0.0068106378164935946 -0.0401231532109889430 0.0660954151468954730 -0.0102240160349446590 -0.0314618752651201480 0.1741023577679524400 0.1086780428546871400 -0.3106786830588202900 0.2957311778465234700 0.0850519527825388390 -0.0383927313781891250 -0.0108189353533844680 -0.2437908100908595400 0.1799877538339298100 -0.0671259432887439670 
-0.0090723727426187534 -0.0374211007324301080 0.1155215597559904200 -0.0082721100507590697 -0.0423978656620741180 0.0906556853427503690 -0.2410594810516033200 0.0158220648352198350 0.4382062757419834000 -0.4074113977659026300 -0.0415446855166749020 0.0201341297189501920 0.0395254205841817570 0.1783836706783534500 -0.2016292103894972200 0.4007914306850049500 -0.0547413691374499040 -0.0708555073065904730 -0.0633569760088535110 0.0899935976952332680 -0.0260962113677258930 0.0211536010606398870 -0.0256734797119623530 0.0105403358531989230 -0.2030546262110274100 0.1145135917941170100 0.4955230429808765200 
0.1600347183724269400 -0.0870782754478943990 0.2032568063980867700 0.7131524739298404900 -0.2455516011351514500 -0.1360003177307144200 0.0154604687417304420 -0.0322375771338479080 -0.0058973015386094649 0.0105382587082289650 0.0166711154051752760 -0.0016140456262378475 0.0837114903291708980 -0.0079431387986965037 0.0174526313210603550 -0.0080399668577430285 0.0094358944174823926 -0.0318523209977362650 -0.0703281426764118810 -0.0311344422736048590 -0.0894369778778749260 0.4690282934407610200 -0.2914173186421182300 -0.0417070422961649880 0.0845052577115768390 -0.0051683703495777351 -0.0115460243252051930 
-0.7935525705422173900 -0.0663440078658395490 0.0319184718579290860 0.1470626841616924400 -0.0440189348620826370 0.0038252898645082809 0.0257638712568859400 0.0378737962930729770 -0.0083275913517567961 0.0065514672480244153 0.0346366156110682610 0.0012946829576390791 0.0244186261805860550 0.0038083136153200222 0.0082370577278940843 -0.0010514819757803766 -0.0099819272259521093 -0.1125437745383054400 -0.3847976545543501100 -0.3696434699146709500 -0.1532106822292655400 -0.0495192267270998310 0.1154772322624179200 0.0189346443176849760 -0.0074228061405439303 -0.0055197384379226024 -0.0025853547785451413 
0.0161813795268434120 -0.6210927998499373700 0.0380349908008048780 -0.1104747047689122200 0.0965222515195085510 -0.3104577476099437100 -0.3697108413770523500 0.0154530890968460920 -0.0889791072240421750 0.0459919031809652230 0.0171476468150457870 -0.0783692988284033500 -0.0122602000545985990 0.0512710807108598680 0.0123988801035313040 -0.0814761898171296460 0.0603865437870962710 0.0114828919973047150 -0.0136029734525120500 -0.0253958338543809610 0.0635399302004246300 0.0094585920021245731 -0.0137626225694641810 -0.2837803387535531300 -0.2031407026965130500 -0.4463572252046708000 0.0413385272708482810 
0.0122021000122148940 -0.0812162344284678840 0.6569600434127620400 -0.1559633120581375700 -0.0850380544835803860 0.3915468372615469900 -0.0093425332801836038 0.0105483866503695290 -0.1022755132294825400 0.0846949235609754660 -0.0014567205159800975 -0.0886147133676927490 -0.0081347313352424840 -0.0764327234906101300 -0.0464636945938432170 -0.0796414940500797950 0.0863421003545789410 -0.3545270932977339100 -0.1489284056603957800 0.0991104582483070400 0.3926128402585292700 0.0398840655566958110 0.0060960877004489593 0.1021769637125504400 0.0273287084571638380 -0.0490027682438059780 -0.0467875747550689990 
0.0187614682623201550 -0.2535108557210613000 0.1581435347952533900 -0.1145877499538857400 0.0715611281413524870 -0.2573621988151470500 0.6577405571919884300 -0.0031733277895971621 0.2122384796500589300 0.0208558667796650170 -0.0306938607342075250 -0.0064308429494763942 0.0150626503211782720 0.0726194548697726150 -0.0775405970792768930 0.0943487542213321820 -0.1593205477201283500 -0.0783893231905743030 -0.0189464211491718710 0.0130224193841164540 0.0821004599627587900 -0.0055544880510837429 0.0913139700054836500 -0.4544038662239694400 0.1982145549690025600 0.1799151259646049300 0.0326468923233475540 
-0.0043467632771821071 0.0122476423104306580 0.0656800669762093730 -0.0246036852699821860 0.0075333435363025792 -0.0452527883765457410 0.0094066203488809581 0.0065539757013249799 0.1061669984263623200 -0.2073822782171230400 0.0093010462605502518 -0.0208095831228333960 -0.0065797959041511119 0.0238637564852340990 0.2533398525976231500 -0.0503482635390436200 0.1049977563046825500 -0.1985361965227252200 0.5027700565769632800 -0.4762324112943591700 0.0600431129011976960 -0.0028593810174058713 0.0325990002578531520 0.1466624018809726000 0.4422244923486994800 -0.2428474120116288500 0.2445592563107629700 
0.0091006992466977476 0.0008028847795829204 0.0648355998645076810 0.2016935599773499200 0.4006228273964003200 0.0683731092806775800 0.0113780756747681250 0.1095955219237385300 0.0011022499788903295 -0.0246331005011604620 0.1670802939133991000 0.0294834665305278780 -0.6068149633246831000 0.0366403043879339470 -0.0425774281057481120 0.0222279392644819660 -0.0118987092612153170 0.0341419819966359140 0.0558051587920320930 0.0620193230624132420 -0.0237058236545925690 0.3371003566543834800 0.4980748480371751700 0.0554254801853632860 -0.0436893588884284330 -0.0303964863750305000 0.0013239246832071892 
-0.0256719553855526520 0.2217532661742259700 0.2632848118288652600 -0.0778992117490942830 0.0388105715695647790 -0.2650405181172886300 -0.0845817325856497580 -0.0274185399310037350 -0.1407048946922356500 -0.0008517253999967227 -0.0036179284454965969 0.3981230780043548700 0.0244025562816871100 0.4826392602093466700 0.1459112233435859200 -0.0530401933420508450 -0.0578374109122827130 0.2098632629387115200 0.0540724239213625500 -0.2713640742805666900 0.3267168906169692900 0.0851179793290324780 -0.0404226083207750300 -0.0221271497549017930 -0.2655179437376733500 0.2101527793946290100 -0.0666401951947980100 
0.0068191802511197467 0.0216922483007450930 -0.0543793620317498740 0.0036148563652946162 0.0192025035391465630 -0.0400853776200996510 0.1524493913295210400 0.0038619672961855292 -0.1467321027002418700 0.3342201692278540800 -0.0040419882300062430 -0.0176637654735796490 -0.0350764052045282740 -0.0647716518013321390 0.0965206376170953810 -0.0283409298013812020 0.6698271084491141900 -0.0141571377839062510 -0.0118607467762369910 -0.0113379777011315810 -0.0200473371868276390 0.0206579783087832980 -0.0104940652377674680 -0.0704797262863069430 -0.1856477160105378100 0.2067753500017289500 0.5384321919261488800 
-0.0357284286278349920 0.0495883348521506190 -0.1003111490935580900 -0.3929509577704949400 0.1212828116605174200 0.0797992315453860260 -0.0077470603540897237 0.1393830044675972400 0.0895105421707467900 0.0457243360305308740 0.6460750115641676900 0.0476223586583989850 0.1515159089086980400 0.0030294843899179914 -0.0269989747670551710 -0.0051486532234941134 0.0133384556506747940 -0.0323092618773653110 -0.0847759770805175260 -0.0472689252371111530 -0.1008891979171709600 0.4701421761521029600 -0.2948013762959046900 -0.0398309260306900300 0.0850239577242768300 -0.0034125882994928631 -0.0114352463239301030 
0.4350272220178563200 0.0337183835638265110 -0.0311141955483491650 -0.0595570635412434250 -0.0465706874186411280 -0.0122716089389003220 0.0175390634997136560 0.6598657531212218700 -0.0962604254904608910 -0.0586380834645190420 -0.1445716973058507000 -0.0192619183360226430 0.0361019830507487080 0.0429607565966349520 0.0045946707947394127 0.0131458792627274880 -0.0156588972660082720 -0.1106800500164333200 -0.3811943542559923000 -0.3608712454441639400 -0.1493753179511138100 -0.0577095084699477540 0.1248348348356342800 0.0182155678531532200 -0.0099691492018822818 -0.0059945330397161052 -0.0018168123257949350 
-0.0040061087669140709 0.2778097665337339000 0.0500174827886659190 0.0311123928117528000 -0.0372715642577009020 0.1262829692709422600 0.1450301342234933700 0.0238223407054602220 0.0638687548352453310 0.0914991517054188070 -0.0323644867088304160 0.4165725589899544300 -0.0078456656919185935 -0.4013553820792490900 0.1682747042764398700 0.3355370645953044700 -0.0643100178695599910 0.0559952829326722520 -0.0059357266479351098 -0.0533911899931754780 0.0609285548191289970 0.0022145811517867496 -0.0208110093400018100 -0.2776436518713623100 -0.2150533080829098700 -0.5020523318869916100 0.0402446138465946260 
-0.0051110823593925880 0.0597295016369788000 -0.3778716129806717900 0.1125262468811447000 0.0177984927697667180 -0.0765084443294962590 -0.0801581118565017630 0.0684654212741213910 0.4585158125652017400 0.4100291726138342000 -0.0765472591815983680 -0.0155973803665770130 -0.0279525575084844000 0.2111428810802977700 0.1936435331978077200 0.0065769675123388783 -0.0465556660504199690 -0.3670561283947601000 -0.1390002078181592500 0.0942554287909401070 0.4094258860745796400 0.0450705299237628000 0.0006137927318758553 0.1097887238786296200 0.0166200795611979870 -0.0778851990023615710 -0.0560968825345352020 
-0.0123019553722104650 0.1132451917772923800 -0.0991392910811174780 0.0706430178264621090 -0.0394579560303202070 0.1217401309310956900 -0.3638751112313963800 0.0428844835598862770 0.0808555661946294690 0.0046569570308317258 -0.0524287295615488980 0.3376082228592560700 0.0011635895064431574 -0.1736145401811546000 -0.3478024236097505600 -0.3897633737113914700 0.0286217679068695930 -0.1436634488121497900 0.0695419999655998990 -0.0617501408881447330 0.0717122800135319430 -0.0086468925815075728 0.1058634640122953800 -0.4987714193723188900 0.2254941443097109000 0.2171921624343421700 0.0441088501440531420 
